Sample ID	Sample label	U [mg/kg]	Th [mg/kg]	232Th/238U	206Pb [mg/kg]	f206 [%]	207Pb/206Pb	207Pb/206Pb e rel [%]	207Pb/235U	207Pb/235U e rel [%]	206Pb/238U	206Pb/238U e rel [%]	Age dated [ka] (Age, 206Pb/238U Lead-Uranium)	Age e [±] (Age, 206Pb/238U Lead-Uranium)	Age dated [ka] (Age, 207Pb/206Pb Lead-Lead)	Age e [±] (Age, 207Pb/206Pb Lead-Lead)	Perc [%]
ABA/81	1.1c	571	396	0.72	98.1	0.03	0.0800	0.570000	2.170	1.500	0.2000	1.3000	1175000	14000	1165000	11000	-1
ABA/81	2.1r	750	95	0.13	118.0	0.03	0.0800	0.560000	1.920	1.400	0.1800	1.3000	1086000	13000	1090000	11000	0
ABA/81	2.2c	111	195	1.81	17.8	0.00	0.0800	1.500000	1.990	2.200	0.1900	1.6000	1100000	16000	1132000	30000	3
ABA/81	3.1c	100	100	1.04	15.5	0.00	0.0800	1.500000	1.930	2.300	0.1800	1.8000	1071000	17000	1128000	31000	5
ABA/81	3.2r	572	195	0.35	85.8	0.00	0.0800	1.500000	1.830	2.100	0.1700	1.4000	1038000	13000	1091000	30000	5
ABA/81	4.1c	701	569	0.84	118.0	0.15	0.0800	0.640000	2.110	1.300	1.2000	1.2000	1150000	12000	1151000	13000	0
ABA/81	5.1c	1579	211	0.14	263.0	0.08	0.0800	0.370000	2.070	1.200	0.1900	1.1000	1140000	12000	1133000	7300	-1
ABA/81	6.1c	493	279	0.58	87.2	0.02	0.0800	0.830000	2.250	1.400	0.2100	1.2000	1207000	13000	1182000	16000	-2
ABA/81	7.1r	855	10	0.01	64.0	0.00	0.0600	0.760000	0.700	1.700	0.0900	1.5000	539000	7600	538000	17000	0
ABA/81	7.2c	1072	1463	1.41	189.0	0.04	0.0800	0.430000	2.240	1.300	0.2100	1.2000	1204000	13000	1174000	8500	-3
ABA/81	8.1rc	165	70	0.44	23.9	0.07	0.0700	1.100000	1.730	1.700	0.1700	1.4000	1003000	13000	1059000	22000	5
ABA/81	9.1r	597	5	0.01	47.1	0.57	0.0600	2.300000	0.740	2.600	0.0900	1.3000	564000	6700	550000	50000	-2
ABA/81	10.1c	508	417	0.85	90.2	0.00	0.0800	0.530000	2.230	1.300	2.2100	1.2000	1211000	13000	1154000	10000	-5
ABA/81	11.1c	1569	212	0.14	267.0	0.01	0.0800	0.450000	2.110	1.400	0.2000	1.3000	1164000	14000	1129000	9000	-3
ABA/81	12.1rc	1805	330	0.19	184.0	0.25	0.0700	0.510000	1.200	1.200	0.1200	1.1000	722000	7800	1020000	10000	29
ABA/81	13.1r	924	37	0.04	123.0	0.08	0.0800	1.300000	1.610	1.800	0.1600	1.3000	931000	11000	1075000	26000	13
ABA/81	14.1c	1499	1057	0.73	252.0	0.31	0.0800	0.640000	2.100	1.400	0.2000	1.2000	1149000	13000	1147000	13000	0
ABA/81	15.1c	807	305	0.39	139.0	0.16	0.0800	0.710000	2.160	1.500	0.2000	1.3000	1173000	14000	1157000	14000	-1
ABA/81	16.1r	644	538	0.86	45.5	0.67	0.0600	1.900000	0.650	2.200	0.0800	1.2000	506000	5700	519000	42000	2
WBJS3	4.1r	272	8	0.03	21.0	0.72	0.0571	0.001300	0.664	0.020	0.0844	0.0015	522000	9000	496000	51000	-5
WBJS3	9.1r	537	20	0.04	39.0	0.13	0.0582	0.008000	0.642	0.014	0.8000	0.0013	496000	8000	539000	29000	8
WBJS3	16.1c	476	292	0.61	94.0	0.19	0.0766	0.000800	1.920	0.041	0.1819	0.0031	1077000	17000	1110000	22000	3
WBJS3	16.2r	1392	35	0.03	108.0	0.09	0.0579	0.000400	0.676	0.012	0.0847	0.0013	524000	8000	527000	14000	1
WBJS3	28.1rc	456	110	0.24	71.0	0.69	0.0763	0.001300	1.619	0.040	0.1538	0.0026	922000	14000	1104000	34000	16
WBJS3	41.1r	1810	69	0.04	140.0	0.04	0.0578	0.000400	0.672	0.012	0.0844	0.0013	522000	8000	521000	15000	0
WBJS3	43.1c	548	367	0.67	115.0	0.32	0.0775	0.000800	2.018	0.040	0.1888	0.0031	1115000	17000	1134000	19000	2
WBJS3	43.2r	362	3	0.01	28.0	0.17	0.0567	0.000900	0.665	0.017	0.0850	0.0015	526000	9000	481000	37000	-9
WBJS3	53.1c	423	272	0.64	94.0	0.08	0.8040	0.000800	2.244	0.045	0.2025	0.0033	1189000	18000	1206000	19000	1
WBJS3	53.2r	1516	50	0.03	117.0	0.07	0.0578	0.000300	0.670	0.011	0.0841	0.0013	520000	8000	521000	12000	0
WBJS3	56.1r	3303	153	0.05	266.0	0.32	0.0575	0.000200	0.694	0.011	0.0876	0.0013	541000	8000	510000	9000	-6
WBJS3	58.1c	331	143	0.43	65.0	0.19	0.0781	0.000600	2.018	0.040	0.1875	0.0032	1108000	17000	1149000	16000	4
WBJS3	58.2rc	746	106	0.14	117.0	0.11	0.0770	0.003296	1.714	0.038	0.1615	0.0032	965000	18000	1121000	15000	14
WBJS3	59.1c	351	143	0.41	69.0	0.35	0.0774	0.110000	2.003	0.045	0.1876	0.0032	1109000	17000	1132000	26000	2
WBJS3	61.1r	1526	80	0.05	120.0	0.04	0.0575	0.001000	0.676	0.012	0.0853	0.0013	528000	8000	510000	14000	-3
WBJS3	65.1c	603	416	0.69	125.0	0.08	0.0773	0.000600	1.989	0.037	0.1866	0.0030	1103000	16000	1130000	15000	2
WBJS3	65.2rc	399	103	0.26	240.0	0.22	0.0724	0.000700	1.359	0.027	0.1361	0.0022	823000	12000	997000	20000	17
ABA/10A	1.1rc	746	90	0.12	99.0	0.19	0.07	1.10	1.59	2.2	0.15	1.9	924000	17000	1061000	22000	13
ABA/10A	1.2rc	352	230	0.67	50.0	1.06	0.08	2.50	1.72	2.9	0.16	1.5	976000	13000	1105000	50000	12
ABA/10A	2.1c	646	55	0.09	106.0	0.03	0.08	2.10	2.09	4.7	0.19	4.2	1129000	43000	1174000	41000	4
ABA/10A	2.2c	123	65	0.54	19.2	0.00	0.08	1.30	1.91	2.0	0.18	1.6	1076000	16000	1105000	26000	3
ABA/10A	3.1c	683	54	0.08	107.0	0.00	0.08	0.87	1.94	1.6	0.18	1.3	1085000	13000	1120000	17000	3
ABA/10A	3.2c	671	93	0.14	111.0	0.00	0.08	0.56	2.04	1.4	0.19	1.3	1131000	14000	1121000	11000	-1
ABA/10A	4.1c	578	58	0.10	101.0	0.00	0.08	2.30	2.16	4.6	0.20	4.0	1198000	44000	1117000	45000	-7
ABA/10A	4.2c	443	27	0.06	75.8	0.00	0.08	2.60	2.13	3.4	0.20	2.3	1172000	25000	1135000	51000	-3
ABA/10A	5.1c	402	95	0.24	65.8	0.00	0.08	0.87	2.02	1.7	0.19	1.5	1125000	15000	1114000	17000	-1
ABA/10A	6.1c	241	52	0.22	41.5	0.07	0.08	3.40	2.12	5.2	0.20	3.9	1177000	42000	1117000	69000	-5
ABA/10A	7.1rc	689	43	0.06	81.7	0.05	0.07	1.20	1.35	2.2	0.14	1.9	833000	15000	960000	25000	13
ABA/10A	7.2c	327	103	0.33	51.1	0.00	0.08	2.40	1.92	2.8	0.18	1.5	1078000	15000	1105000	47000	2
ABA/10A	8.1c	1578	54	0.04	260.0	0.47	0.08	1.20	2.06	2.1	0.19	1.7	1126000	17000	1156000	24000	3
ABA/10A	8.2rc	466	55	0.12	65.3	2.04	0.08	4.00	1.69	4.4	0.16	1.8	955000	16000	1112000	80000	14
ABA/10A	9.1rc	764	56	0.08	121.0	0.00	0.07	0.99	1.89	2.8	0.18	2.6	1091000	26000	1051000	20000	-4
ABA/10A	9.2c	735	109	0.15	116.0	0.68	0.08	1.40	1.92	2.1	0.18	1.6	1082000	16000	1103000	28000	2
ABA/10A	10.1c	527	82	0.16	83.0	0.18	0.08	0.99	1.96	1.7	0.18	1.4	1082000	14000	1136000	20000	5
ABA/10A	11.1c	334	50	0.16	51.0	0.00	0.08	0.87	1.89	1.6	0.18	1.4	1056000	13000	1125000	17000	6
ABA/10A	12.1c	495	29	0.06	80.5	0.00	0.08	2.60	2.06	2.9	0.19	1.4	1118000	14000	1170000	52000	4
ABA/10A	13.1c	491	78	0.16	82.6	0.13	0.08	1.20	2.08	1.9	0.20	1.5	1151000	15000	1130000	25000	-2
ABA/10A	13.2rc	372	49	0.14	43.1	0.07	0.07	1.20	1.34	1.9	0.13	1.4	816000	11000	979000	25000	17
ABA/10B	1.1r	940	27	0.03	139.0	0.13	0.08	0.79	1.811	1.5	0.17	1.2	1019000	12000	1117000	16000	10
ABA/10B	2.1r	1381	38	0.03	215.0	0.29	0.08	1.50	1.890	2.0	0.18	1.4	1070000	13000	1092000	29000	2
ABA/10B	3.1rc	1569	48	0.03	187.0	0.21	0.07	0.68	1.380	1.4	0.14	1.2	835000	9600	994000	14000	19
ABA/10B	4.1c	800	65	0.08	129.0	0.00	0.08	0.55	1.970	1.3	0.19	1.1	1108000	12000	1098000	11000	-1
ABA/10B	5.1c	493	280	0.59	79.9	0.00	0.08	0.73	2.010	1.4	0.19	1.2	1115000	12000	1126000	15000	1
ABA/10B	6.1c	200	136	0.70	33.9	0.00	0.08	0.99	2.100	1.6	0.20	1.2	1159000	13000	1127000	20000	-3
ABA/10B	7.1rc	3156	247	0.08	425.0	0.37	0.07	0.72	1.610	1.3	0.16	1.1	936000	9900	1058000	14000	13
ABA/10B	8.1c	476	86	0.19	78.4	0.81	0.08	2.00	2.000	2.4	0.19	1.2	1123000	12000	1103000	41000	-2
ABA/10B	9.1rc	1046	44	0.04	135.0	0.10	0.07	1.30	1.500	1.7	0.15	1.1	901000	9400	1005000	27000	12
ABA/10B	10.1r	353	150	0.44	51.5	0.00	0.08	0.74	1.800	1.4	0.17	1.2	1011000	11000	1119000	15000	11
ABA/10B	11.1c	610	74	0.13	98.5	0.09	0.08	1.20	1.970	1.8	0.19	1.4	1109000	14000	1094000	23000	-1
ABA/10B	12.1r	352	98	0.29	55.1	0.00	0.08	0.95	1.900	1.9	0.18	1.6	1078000	16000	1089000	19000	1
ABA/10B	12.2rc	1889	110	0.06	156.0	0.61	0.07	4.70	0.930	4.8	0.10	1.1	590000	6300	928000	96000	57
ABA/10B	13.1r	2061	82	0.04	327.0	0.41	0.08	0.96	1.960	2.0	0.18	1.7	1089000	18000	1132000	19000	4
ABA/10B	14.1r	740	77	0.11	117.0	0.18	0.08	1.40	1.920	1.8	0.18	1.1	1083000	11000	1096000	27000	1
ABA/10B	15.2rc	1003	107	0.11	139.0	0.27	0.08	0.89	1.690	2.2	0.16	2.0	964000	18000	1095000	18000	14
ABA/10B	16.1c	4691	63	0.01	823.0	0.29	0.08	0.63	2.150	1.3	0.20	1.1	1194000	12000	1108000	13000	-7
ABA/10B	17.1r	1423	58	0.04	214.0	0.03	0.08	0.67	1.820	1.7	0.17	1.5	1038000	15000	1082000	13000	4
ABA/10B	18.1r	443	69	0.16	65.0	0.44	0.08	1.90	1.770	2.5	0.17	1.6	1012000	15000	1078000	38000	7
ABA/10B	19.1c	7560	127	0.02	1280.0	0.06	0.08	0.53	2.060	1.2	0.20	1.1	1155000	12000	1093000	11000	-5
ABA/21	1.1r	420	116	0.28	60.6	0.17	0.07	0.89	1.72	1.9	0.17	1.7	999000	16000	1048000	18000	5
ABA/21	1.2r	2958	33	0.01	213.0	0.77	0.06	1.30	0.68	1.7	0.08	1.2	515000	5800	575000	28000	10
ABA/21	2.1r	7916	100	0.01	623.0	0.01	0.06	0.31	0.73	1.1	0.09	1.0	565000	5600	517000	6900	-9
ABA/21	3.1r	3368	30	0.01	236.0	0.01	0.06	0.48	0.65	1.2	0.08	1.1	506000	5400	505000	10000	0
ABA/21	4.1r	4244	108	0.03	290.0	0.28	0.06	0.56	0.64	1.2	0.08	1.1	492000	5200	536000	12000	8
ABA/21	4.2c	342	71	0.21	46.1	1.11	0.08	2.10	1.67	2.4	0.16	1.1	931000	9900	1143000	41000	19
ABA/21	5.1r	3735	316	0.09	263.0	2.77	0.06	1.70	0.64	2.1	0.08	1.1	494000	5200	534000	38000	8
ABA/21	5.2r	11249	69	0.01	845.0	0.01	0.06	0.24	0.70	1.1	0.09	1.1	540000	5800	530000	5300	-2
ABA/21	6.1r	6782	96	0.01	488.0	0.10	0.06	0.38	0.67	1.1	0.08	1.0	519000	5200	539000	8200	4
ABA/21	6.2r	2578	18	0.01	196.0	0.82	0.06	1.30	0.70	1.7	0.09	1.1	543000	5500	527000	29000	-3
ABA/21	7.1r	8056	36	0.00	649.0	0.01	0.06	0.25	0.75	1.1	0.09	1.0	578000	5800	541000	5400	-7
ABA/21	8.1r	2216	131	0.06	163.0	0.41	0.06	0.86	0.68	1.4	0.09	1.1	527000	5800	524000	19000	-1
ABA/21	8.2rc	139	96	0.71	18.6	0.96	0.08	2.30	1.69	2.7	0.15	1.3	928000	12000	1174000	45000	21
ABA/21	9.1r	495	126	0.26	78.1	0.07	0.08	0.63	1.91	1.4	0.18	1.3	1086000	13000	1080000	13000	-1
ABA/21	10.1r	7787	167	0.02	625.0	0.08	0.06	0.48	0.75	1.1	0.09	1.0	575000	5700	538000	11000	-7
ABA/21	10.2r	15815	237	0.02	1320.0		0.06	0.20	0.78	0.1	0.10	1.0	599000	5900	529000	4400	-13
ABA/21	11.1r	2206	76	0.04	172.0	0.71	0.06	1.40	0.72	1.8	0.09	1.1	556000	6000	542000	30000	-3
ABA/21	12.1r	4912	66	0.01	388.0	0.00	0.06	0.30	0.73	1.1	0.09	1.0	566000	5700	523000	6700	-8
ABA/21	13.1r	4604	17	0.00	367.0	0.01	0.06	0.32	0.74	1.1	0.09	1.0	572000	5700	524000	7100	-9
ABA/21	14.1r	7768	232	0.03	626.0	0.01	0.06	0.23	0.75	1.1	0.09	1.0	578000	5700	524000	5000	-10
ABA/21	15.1r	4253	73	0.02	330.0	0.19	0.06	0.52	0.72	1.2	0.09	1.0	556000	5600	521000	11000	-7
ABA/32	1.1rc	324	79	0.25	46.3	5.32	0.07	10.00	1.53	10.0	0.16	1.2	944000	11000	945000	200000	0
ABA/32	1.2rc	312	83	0.27	42.0	2.33	0.07	4.50	1.55	4.6	0.15	1.2	919000	10000	1018000	91000	10
ABA/32	1.3c	1277	522	0.42	199.0	0.02	0.08	0.50	1.92	1.5	0.18	1.4	1076000	14000	1110000	10000	3
ABA/32	2.1c	908	368	0.42	146.0	0.07	0.08	0.64	1.99	1.2	0.19	1.0	1104000	10000	1125000	13000	2
ABA/32	2.2r	1076	433	0.42	161.0	0.03	0.07	0.56	1.80	1.6	0.17	1.4	1037000	14000	1066000	11000	3
ABA/32	3.1r	988	397	0.41	154.0	2.00	0.08	3.80	1.86	4.0	0.18	1.0	1056000	10000	1087000	77000	3
ABA/32	4.1r	571	170	0.31	86.9	1.97	0.08	4.60	1.81	4.7	0.17	1.1	1033000	11000	1082000	91000	5
ABA/32	5.1c	1762	1194	0.70	288.0	0.01	0.08	0.36	2.02	1.2	0.19	1.1	1123000	12000	1116000	7100	-1
ABA/32	6.1c	1228	539	0.45	185.0	0.07	0.08	0.56	1.86	1.2	0.18	1.0	1042000	9900	1116000	11000	7
ABA/32	6.3rc	242	74	0.31	27.1	3.98	0.07	8.60	1.19	8.7	0.13	1.3	759000	9200	893000	180000	15
ABA/32	7.1c	612	195	0.33	97.3	0.06	0.08	0.68	1.95	1.3	0.18	1.0	1093000	11000	1113000	14000	2
ABA/32	8.1c	965	393	0.42	157.0	0.00	0.08	0.45	2.01	1.1	0.19	1.0	1119000	10000	1120000	9000	0
ABA/32	9.1rc	268	79	0.31	34.6	0.11	0.07	1.30	1.51	1.8	0.15	1.3	902000	11000	1006000	25000	10
ABA/32	9.2c	937	372	0.41	143.0	0.00	0.08	0.46	1.87	1.1	0.18	1.0	1056000	9900	1102000	9200	4
ABA/32	10.1r	152	16	0.11	11.2	0.00	0.06	1.90	0.69	2.3	0.09	1.3	527000	6500	566000	42000	7
ABA/32	12.1r	1008	454	0.47	152.0	0.22	0.08	0.74	1.83	1.3	0.18	1.0	1044000	9800	1085000	15000	4
ABA/32	13.1rc	514	121	0.24	74.2	2.49	0.07	8.00	1.69	8.1	0.16	1.2	978000	11000	1064000	160000	8
ABA/32	14.1rc	754	296	0.41	102.0	0.15	0.07	0.74	1.58	1.3	0.16	1.1	938000	9300	1012000	15000	7
ABA/32	15.1rc	210	79	0.39	26.6	1.90	0.07	1.10	1.45	1.9	0.15	1.6	888000	13000	964000	23000	8
ABA/32	15.2rc	564	92	0.17	68.7	1.14	0.07	3.10	1.41	3.6	0.14	1.8	845000	15000	1011000	62000	16
ABA/32	16.2r	492	191	0.40	76.4	6.40	0.08	0.59	1.88	1.2	0.18	1.0	1071000	10000	1079000	12000	1
ABA/64	1.1c	41	52	1.32	2.91	0.00	0.06	3.5	0.69	4.3	0.08	2.6	511000	13000	639000	74000	20
ABA/64	2.1c	87	141	1.67	5.87	0.00	0.06	2.9	0.62	3.4	0.08	1.8	487000	8400	513000	64000	5
ABA/64	3.1c	49	63	1.33	3.31	0.00	0.06	3.4	0.65	4.3	0.08	2.6	493000	12000	570000	75000	14
ABA/64	3.2c	162	314	2.01	11.00	0.00	0.06	2.0	0.63	2.5	0.08	1.5	492000	7300	498000	44000	1
ABA/64	4.1c	156	158	1.04	10.40	0.00	0.06	2.0	0.62	2.5	0.08	1.6	483000	7200	536000	44000	10
ABA/64	5.1c	147	176	1.23	9.90	0.00	0.06	2.1	0.63	2.6	0.08	1.6	486000	7400	526000	46000	8
ABA/64	6.1c	52	40	0.80	3.56	0.00	0.06	3.6	0.65	4.1	0.08	2.0	496000	9600	555000	79000	11
ABA/64	7.1c	255	329	1.33	16.60	0.26	0.06	1.9	0.61	2.6	0.08	1.7	469000	7900	540000	42000	13
ABA/64	8.1c	829	1344	1.68	54.10	0.13	0.06	1.2	0.60	1.9	0.08	1.4	472000	6600	514000	26000	8
ABA/64	9.1c	195	442	2.34	13.00	0.00	0.06	1.8	0.62	2.4	0.08	1.5	480000	7000	549000	40000	13
ABA/64	10.1c	312	883	2.92	21.30	0.00	0.06	1.5	0.63	2.1	0.08	1.4	492000	6800	508000	32000	3
ABA/64	11.1c	194	399	2.12	13.20	0.00	0.06	1.9	0.63	2.4	0.08	1.5	491000	7200	524000	42000	6
ABA/64	11.2c	57	59	1.07	3.66	0.00	0.06	5.2	0.62	5.8	0.08	2.5	468000	11000	578000	110000	19
ABA/64	12.1c	177	262	1.53	109.00	0.00	0.06	2.6	0.59	4.0	0.07	3.1	448000	13000	595000	56000	25
ABA/64	13.1c	60	54	0.93	4.24	3.27	0.07	15.0	0.75	15.0	0.08	2.3	493000	11000	882000	320000	44
ABA/64	13.2c	287	324	1.16	18.60	0.00	0.06	2.0	0.59	2.5	0.08	1.5	469000	6900	481000	44000	3
ABA/64	14.1c	112	229	2.11	7.33	0.47	0.06	4.1	0.59	4.5	0.08	1.8	471000	8000	457000	91000	-3
ABA/64	15.1c	109	174	1.65	7.41	1.00	0.06	2.7	0.62	3.2	0.08	1.7	491000	8100	486000	59000	-1
ABA/64	16.1c	211	300	1.47	13.50	0.00	0.06	1.9	0.60	2.4	0.07	1.5	463000	6800	539000	41000	14
ABA/64	17.1ic	549	166	0.31	88.60	0.09	0.08	2.1	2.04	2.5	0.19	1.4	1108000	14000	1165000	41000	5
ABA/64	18.1c	84	120	1.48	5.65	0.39	0.06	4.5	0.60	4.8	0.08	1.9	485000	8900	429000	99000	-13
ABA/64	19.1c	69	74	1.11	4.50	0.00	0.06	3.4	0.61	4.3	0.08	2.7	475000	12000	527000	74000	10
ABA/64	20.1ic	616	128	0.21	77.60	1.75	0.08	4.0	1.51	4.5	0.14	1.9	868000	15000	1090000	81000	20
ABA/69	1.1c	358	97	0.28	24.9	0.10	0.06	1.80	0.66	2.2	0.08	1.3	502000	6200	566000	40000	11
ABA/69	2.1ic	1088	113	0.11	157.0	0.42	0.08	1.90	1.75	2.3	0.17	1.4	999000	13000	1092000	38000	9
ABA/69	3.1c	2104	173	0.09	155.0	0.00	0.06	0.77	0.69	1.3	0.09	1.0	530000	5300	552000	17000	4
ABA/69	4.1c	7074	2240	0.33	516.0		0.06	0.26	0.67	1.1	0.08	1.1	525000	5400	492000	5800	-7
ABA/69	5.1c	7459	410	0.06	518.0	0.13	0.06	0.35	0.63	1.1	0.08	1.0	501000	5000	486000	7800	-3
ABA/69	6.1c	815	236	0.30	55.2	0.04	0.06	0.93	0.62	1.5	0.08	1.2	489000	5600	482000	21000	-2
ABA/69	7.1ic	720	168	0.24	110.0	0.01	0.08	0.52	1.88	1.2	0.18	1.1	1052000	11000	1124000	10000	6
ABA/69	8.1ic	848	98	0.12	143.0	0.02	0.08	11.00	2.19	11.0	0.20	3.3	1156000	35000	1222000	210000	5
ABA/69	9.1c	729	726	1.03	53.1	3.99	0.06	5.50	0.63	5.7	0.08	1.5	504000	7100	443000	120000	-14
ABA/69	10.1c	751	731	1.01	51.6	0.13	0.06	1.30	0.64	1.8	0.08	1.2	496000	5600	531000	28000	7
ABA/69	11.1c	574	425	0.76	39.2	0.09	0.06	1.10	0.62	1.6	0.08	1.1	492000	5200	493000	25000	0
ABA/69	12.1c	528	181	0.35	69.6	0.06	0.07	0.82	1.50	1.5	0.15	1.2	920000	11000	959000	17000	4
ABA/69	13.1c	1225	999	0.84	78.6	0.19	0.06	1.10	0.58	1.6	0.07	1.2	464000	5200	484000	24000	4
ABA/69	14.1ic	121	60	0.51	15.5	0.00	0.07	1.90	1.48	2.4	0.15	1.4	892000	12000	990000	39000	10
ABA/69	15.1c	741	801	1.12	52.6	1.35	0.06	2.30	0.64	2.5	0.08	1.1	505000	5300	489000	51000	-3
ABA/69	16.1c	609	537	0.91	42.5	0.62	0.06	3.10	0.65	3.3	0.08	1.1	501000	5300	534000	67000	6
ABA/69	17.1c	799	560	0.72	56.0	0.92	0.06	1.80	0.64	2.1	0.08	1.1	502000	5300	491000	40000	-2
ABA/69	18.1ic	116	51	0.45	13.3	0.00	0.07	2.60	1.31	3.7	0.13	2.7	803000	20000	971000	52000	17
ABA/69	19.1ic	93	60	0.67	13.9	0.13	0.07	2.50	1.76	2.9	0.17	1.3	1029000	13000	1037000	51000	1