TIMESERIES II_HOPE_00_BHZ_M, 7840 samples, 20 sps, 2016-12-25T14:27:01.019536, SLIST, INTEGER, Counts
-7222
-7349
-7495
-7573
-7645
-7657
-7560
-7445
-7231
-6955
-6644
-6271
-5864
-5391
-4918
-4473
-3964
-3463
-2992
-2508
-2051
-1574
-1128
-734
-391
-135
56
163
212
143
24
-78
-254
-431
-626
-811
-966
-1147
-1268
-1417
-1553
-1644
-1732
-1805
-1918
-1890
-1845
-1795
-1684
-1631
-1508
-1383
-1298
-1218
-1144
-1084
-1013
-937
-898
-841
-792
-758
-676
-569
-444
-293
-123
90
288
496
749
969
1164
1351
1568
1723
1835
2027
2168
2248
2322
2399
2488
2497
2418
2290
2087
1777
1360
874
333
-300
-987
-1732
-2545
-3295
-4086
-4890
-5589
-6252
-6854
-7445
-7938
-8337
-8700
-8980
-9215
-9377
-9481
-9481
-9396
-9239
-8960
-8669
-8344
-7935
-7550
-7172
-6780
-6409
-5991
-5556
-5164
-4767
-4358
-3991
-3625
-3238
-2896
-2563
-2200
-1849
-1511
-1191
-911
-590
-224
106
392
657
945
1198
1396
1562
1707
1854
1950
1989
1968
1924
1895
1861
1808
1770
1745
1690
1635
1551
1471
1372
1210
1039
803
525
196
-192
-579
-982
-1355
-1723
-2082
-2413
-2751
-3060
-3406
-3790
-4146
-4490
-4828
-5153
-5452
-5701
-5892
-6065
-6190
-6254
-6304
-6277
-6146
-6017
-5876
-5658
-5454
-5269
-5043
-4824
-4599
-4370
-4176
-3937
-3651
-3401
-3098
-2734
-2358
-1948
-1517
-1047
-614
-152
361
795
1232
1660
2039
2310
2528
2714
2752
2783
2737
2621
2513
2289
2058
1917
1743
1535
1333
1048
784
542
236
-71
-401
-743
-1104
-1482
-1827
-2159
-2514
-2856
-3152
-3410
-3636
-3803
-3934
-4082
-4204
-4314
-4425
-4535
-4648
-4728
-4849
-4981
-5094
-5264
-5425
-5600
-5794
-5950
-6060
-6142
-6263
-6354
-6394
-6438
-6427
-6389
-6338
-6252
-6180
-6036
-5872
-5736
-5552
-5378
-5175
-4930
-4704
-4433
-4106
-3809
-3464
-3063
-2696
-2303
-1900
-1481
-1063
-647
-206
162
483
769
1002
1206
1337
1450
1552
1580
1616
1700
1766
1837
1911
1998
2113
2222
2369
2520
2641
2740
2781
2750
2619
2478
2334
2134
1950
1725
1464
1236
952
603
213
-244
-713
-1245
-1822
-2363
-2923
-3477
-4004
-4506
-4950
-5335
-5701
-6058
-6371
-6677
-6900
-7059
-7182
-7205
-7180
-7069
-6858
-6619
-6329
-6007
-5672
-5335
-5017
-4669
-4378
-4080
-3744
-3463
-3125
-2799
-2500
-2203
-1974
-1747
-1526
-1291
-1065
-854
-601
-402
-224
2
150
239
351
382
351
307
182
16
-236
-540
-834
-1135
-1410
-1699
-1930
-2100
-2275
-2408
-2490
-2585
-2712
-2824
-2921
-3032
-3171
-3309
-3441
-3538
-3596
-3624
-3596
-3535
-3437
-3300
-3158
-2994
-2827
-2696
-2547
-2364
-2189
-2012
-1802
-1551
-1289
-1019
-773
-567
-385
-288
-274
-287
-366
-498
-646
-826
-1000
-1149
-1311
-1475
-1566
-1639
-1710
-1735
-1743
-1688
-1594
-1467
-1257
-1009
-742
-426
-105
204
500
793
1083
1310
1519
1723
1877
1951
1964
1909
1773
1561
1268
932
524
52
-438
-980
-1584
-2189
-2805
-3401
-3928
-4476
-5006
-5472
-5942
-6403
-6885
-7390
-7887
-8386
-8837
-9251
-9626
-9940
-10174
-10310
-10382
-10379
-10285
-10106
-9891
-9601
-9227
-8858
-8395
-7867
-7339
-6723
-5996
-5219
-4444
-3650
-2842
-2014
-1194
-429
297
978
1596
2163
2628
2974
3281
3470
3528
3534
3468
3323
3147
2940
2710
2478
2195
1912
1637
1349
1068
811
590
379
181
2
-165
-321
-432
-539
-650
-718
-748
-726
-660
-557
-436
-284
-99
99
331
566
818
1097
1363
1603
1820
2025
2198
2316
2354
2347
2295
2175
1968
1659
1314
901
435
-86
-693
-1280
-1887
-2545
-3199
-3877
-4543
-5171
-5779
-6393
-6970
-7503
-8057
-8581
-9106
-9633
-10113
-10582
-11024
-11378
-11621
-11818
-11962
-12034
-12079
-12109
-12122
-12116
-12063
-11940
-11718
-11380
-10957
-10471
-9922
-9289
-8589
-7873
-7112
-6330
-5549
-4735
-3914
-3102
-2268
-1460
-695
118
943
1723
2514
3283
3999
4634
5178
5644
5998
6256
6451
6592
6669
6718
6727
6738
6728
6641
6588
6508
6419
6344
6196
6053
5857
5624
5409
5181
4912
4629
4417
4203
4017
3851
3625
3421
3240
3004
2672
2264
1817
1348
819
245
-335
-980
-1700
-2456
-3260
-4090
-4900
-5741
-6596
-7368
-8106
-8781
-9352
-9904
-10373
-10736
-11029
-11258
-11418
-11501
-11530
-11469
-11359
-11217
-11029
-10798
-10464
-10061
-9610
-9115
-8575
-7990
-7400
-6763
-6142
-5533
-4907
-4328
-3798
-3312
-2848
-2433
-2083
-1835
-1685
-1569
-1518
-1523
-1572
-1642
-1722
-1859
-2001
-2141
-2301
-2438
-2560
-2652
-2656
-2638
-2628
-2542
-2411
-2243
-2034
-1795
-1514
-1229
-911
-554
-173
225
655
1117
1579
2044
2524
3017
3501
3931
4324
4722
5032
5322
5614
5844
6095
6312
6531
6763
6967
7171
7305
7374
7375
7249
6999
6628
6140
5493
4640
3668
2584
1339
55
-1271
-2636
-3965
-5263
-6487
-7644
-8724
-9702
-10581
-11364
-12015
-12515
-12918
-13190
-13322
-13352
-13274
-13092
-12827
-12521
-12149
-11719
-11275
-10782
-10248
-9712
-9159
-8597
-8052
-7503
-7004
-6526
-6030
-5560
-5112
-4660
-4176
-3678
-3142
-2578
-1999
-1375
-755
-156
441
1030
1582
2098
2556
2952
3293
3539
3708
3841
3948
4018
4049
4034
3973
3897
3775
3606
3446
3277
3080
2886
2649
2378
2095
1782
1444
1077
725
383
3
-395
-773
-1159
-1573
-1966
-2337
-2670
-2959
-3186
-3335
-3445
-3521
-3600
-3701
-3782
-3858
-3924
-3935
-3924
-3910
-3835
-3762
-3694
-3623
-3574
-3483
-3409
-3315
-3191
-3095
-3017
-2989
-2978
-2978
-2980
-3008
-3056
-3087
-3133
-3195
-3238
-3275
-3313
-3330
-3388
-3427
-3443
-3502
-3575
-3671
-3782
-3920
-4052
-4238
-4445
-4601
-4768
-4911
-5027
-5122
-5172
-5180
-5177
-5139
-5063
-4966
-4833
-4679
-4477
-4245
-4002
-3730
-3427
-3143
-2873
-2539
-2179
-1799
-1371
-972
-590
-221
101
410
691
935
1170
1412
1668
1930
2164
2357
2520
2643
2727
2760
2751
2668
2504
2306
2054
1752
1406
1006
573
131
-310
-721
-1135
-1570
-1967
-2339
-2720
-3095
-3479
-3848
-4178
-4503
-4797
-5061
-5302
-5476
-5598
-5689
-5723
-5693
-5619
-5475
-5278
-5070
-4836
-4605
-4369
-4136
-3934
-3732
-3516
-3356
-3192
-3004
-2887
-2761
-2682
-2649
-2598
-2604
-2580
-2533
-2514
-2453
-2385
-2335
-2271
-2235
-2224
-2205
-2211
-2258
-2293
-2347
-2414
-2445
-2509
-2522
-2511
-2500
-2435
-2400
-2337
-2235
-2119
-1993
-1814
-1661
-1524
-1352
-1212
-1055
-920
-743
-576
-446
-305
-220
-121
-47
6
56
77
98
110
150
239
329
418
470
511
510
418
381
294
117
-36
-203
-411
-666
-927
-1217
-1527
-1802
-2102
-2442
-2731
-2992
-3253
-3501
-3718
-3916
-4154
-4309
-4418
-4571
-4667
-4703
-4655
-4598
-4528
-4420
-4312
-4157
-4005
-3774
-3563
-3376
-3151
-3021
-2869
-2710
-2574
-2443
-2352
-2348
-2382
-2351
-2349
-2317
-2311
-2344
-2297
-2256
-2219
-2202
-2165
-2117
-2154
-2180
-2177
-2191
-2188
-2166
-2172
-2170
-2162
-2156
-2139
-2137
-2108
-2064
-2011
-1990
-1984
-1960
-1953
-1950
-2042
-2201
-2393
-2651
-2886
-3079
-3236
-3324
-3369
-3382
-3282
-3118
-2948
-2713
-2427
-2153
-1866
-1542
-1239
-918
-604
-309
2
264
485
650
760
844
875
880
881
823
728
650
529
347
161
-74
-368
-663
-1008
-1368
-1736
-2140
-2518
-2901
-3302
-3672
-4042
-4398
-4700
-4960
-5145
-5260
-5346
-5376
-5289
-5149
-4967
-4724
-4448
-4085
-3683
-3263
-2818
-2374
-1939
-1498
-988
-478
64
658
1266
1913
2557
3219
3847
4484
5204
5932
6676
7485
8400
9409
10488
11556
12645
13788
14924
16092
17262
18405
19488
20508
21492
22438
23444
24565
25764
26981
28190
29369
30492
31574
32647
33825
35187
36683
38271
40069
42132
44381
46696
49082
51573
53994
56242
58339
60354
62268
63895
65339
67169
69526
72015
74184
75660
76607
77403
78318
79370
80280
80792
80934
81089
81555
82732
84617
86729
88786
90102
90639
91268
92488
94255
96013
97268
97856
98439
99997
102332
104458
105204
103997
101631
99078
96782
95269
94807
94621
93884
92784
91716
90993
90884
91369
91957
91754
90405
88458
86716
85526
84713
83519
81300
78512
75739
73064
69878
65530
60715
56730
54086
51757
48463
44348
40112
36371
33676
31764
29796
26891
22477
17138
12176
8083
3943
-1069
-6564
-12092
-17532
-22506
-26634
-29875
-32461
-34944
-37199
-38029
-37197
-36307
-37104
-39857
-43609
-47268
-50046
-51412
-51602
-51721
-53141
-57048
-62780
-67956
-71135
-72758
-74589
-77841
-81621
-84159
-84812
-84121
-82526
-80209
-77646
-75584
-74502
-74364
-75284
-77259
-79470
-81048
-81319
-79969
-77890
-76422
-76133
-76479
-76643
-76503
-75863
-74040
-70467
-65343
-59896
-54824
-49375
-42824
-35569
-28725
-23251
-19476
-17087
-15734
-15578
-16603
-18414
-20512
-21931
-22182
-21823
-21411
-21150
-20961
-20534
-19379
-17238
-14772
-13032
-12317
-12321
-12793
-13171
-12391
-9894
-6208
-2833
-1228
-1220
-1475
-1108
82
1890
3273
2945
685
-2644
-5983
-8126
-7891
-5684
-2930
-263
2094
3728
4523
4703
4424
3852
3107
2182
914
-882
-3484
-6998
-10576
-13372
-15611
-17932
-20364
-22496
-23998
-24529
-23937
-22558
-21102
-19911
-19088
-19173
-20361
-22151
-23871
-25126
-26450
-28560
-31269
-34349
-37820
-41582
-45541
-49475
-53047
-56150
-58869
-60927
-62228
-63254
-64731
-67148
-69951
-72343
-74526
-77587
-81951
-86876
-91908
-97111
-102722
-109091
-116149
-123230
-129979
-136654
-143341
-149790
-155306
-159264
-161578
-162547
-162922
-163501
-164873
-167210
-169980
-172727
-175722
-179059
-182753
-187046
-191752
-196696
-201741
-206608
-211099
-215088
-218537
-221316
-223120
-224057
-224562
-224301
-222686
-219685
-216004
-212669
-210052
-207886
-205737
-203587
-201735
-200031
-198470
-197742
-198331
-200241
-202969
-205677
-207677
-208593
-208367
-206875
-203791
-198784
-191667
-182586
-172553
-162773
-153975
-146446
-139549
-132737
-126199
-120033
-114287
-109188
-104877
-101593
-99731
-99200
-99233
-98954
-97869
-95776
-92596
-88473
-83382
-77271
-70506
-63361
-56118
-49078
-42409
-36619
-32181
-28943
-26733
-25721
-26039
-27785
-30685
-34201
-37955
-41376
-43769
-44893
-45498
-46471
-47725
-48527
-48360
-47189
-45154
-42507
-39286
-35417
-31336
-27703
-24860
-22914
-21990
-22196
-23521
-25867
-29272
-33947
-39915
-46589
-52906
-58121
-62524
-66571
-69829
-71958
-73090
-73324
-73008
-72765
-72912
-73573
-74888
-77025
-79833
-82247
-83801
-85624
-88737
-93092
-98183
-103640
-109280
-114762
-119531
-123345
-126311
-128419
-129635
-130162
-130181
-129722
-128948
-127978
-126900
-125943
-125186
-124486
-123399
-121670
-119772
-118225
-116735
-114607
-111761
-108806
-106314
-104196
-102007
-99512
-97029
-94955
-93163
-91104
-87803
-82488
-75227
-66879
-58427
-50232
-42258
-34568
-27515
-21608
-17050
-13115
-9079
-5323
-2393
26
2823
6615
11186
15672
19486
22690
25585
28354
31085
33869
36877
40386
44526
49681
56260
63885
71868
79682
86890
93294
98768
103059
106391
109289
111754
113401
113940
113755
113901
115109
117197
119726
122552
125761
129532
133847
138653
144037
149786
155406
160483
164683
167747
169333
169237
167787
165713
163846
162410
161148
159760
158094
156494
155477
155370
156129
157466
158770
159491
159661
159554
159366
158980
158338
157389
155963
154112
152165
150394
148676
146943
145106
143116
141298
140170
140125
141042
142435
143987
145645
147469
149707
152448
155428
158332
160762
162136
162058
160587
157964
154426
150334
146260
142600
139538
137198
135577
134625
134343
134902
136369
138609
141372
144294
146927
148880
150111
150968
152055
153686
155546
157087
158012
158486
158906
159411
159883
160253
160533
160724
160955
161425
162243
163291
164470
166015
167912
169866
171568
172589
172403
170404
166204
159807
151749
142772
133452
124247
115647
108392
103136
100158
99307
100084
101955
104417
107271
110467
113757
116996
120141
123179
125698
127088
127312
126456
124385
120908
116045
110174
103893
97768
92135
87425
84102
82285
81849
82620
84434
86885
89385
91425
92753
93403
93572
93590
93721
94047
94391
94512
94459
94340
94102
93794
93624
93536
93352
93102
92894
92998
93725
94963
96135
96866
97281
97498
97413
96802
95518
93853
92026
89809
87138
84062
80627
77032
73435
70009
66977
64452
62574
61485
61177
61590
62378
62920
62779
61749
59859
57260
53864
49595
44736
39525
33953
27908
21463
14887
8123
1194
-5520
-11695
-17233
-22189
-26550
-30324
-33761
-37446
-41743
-46458
-51082
-55143
-58607
-61744
-64716
-67350
-69346
-70514
-71063
-71355
-71599
-71975
-72433
-72828
-73105
-73235
-73274
-73341
-73602
-74124
-74773
-75323
-75419
-74811
-73605
-72263
-71224
-70569
-70049
-69237
-67906
-66114
-64294
-62889
-61881
-60979
-59915
-58602
-57154
-55762
-54304
-52600
-50618
-48425
-46211
-44227
-42784
-41886
-41280
-40730
-40195
-39577
-38750
-37699
-36326
-34596
-32360
-29285
-25244
-20641
-15991
-11654
-7830
-4498
-1664
732
2792
4472
5659
6478
7289
8554
10535
13172
16305
19685
23159
26498
29494
32033
34047
35612
36767
37549
38021
38154
37554
35819
32842
28776
23979
18785
13567
8679
4489
1295
-751
-1754
-1987
-1620
-886
8
851
1417
1640
1552
1098
232
-910
-2214
-3708
-5544
-7766
-10102
-12220
-13980
-15346
-16228
-16585
-16432
-15769
-14771
-13632
-12434
-11399
-10740
-10467
-10522
-10834
-11449
-12552
-14158
-16259
-18720
-21120
-23082
-24335
-24720
-24294
-23359
-22123
-20735
-19234
-17299
-14655
-11201
-7034
-2249
3023
8653
14653
20883
27066
32743
37540
41358
44202
46037
46771
46265
44313
40928
36335
30895
25098
19432
14244
9791
6163
3245
1065
-390
-1265
-1624
-1470
-770
476
2164
4242
6772
9660
12766
16020
19488
23306
27474
31824
36040
39931
43345
46395
49436
52522
55645
58785
61814
64577
66899
68692
69857
70280
69973
69135
67956
66455
64742
63033
61423
59920
58468
57033
55496
53573
51118
48269
45376
42908
41203
40415
40612
41652
43359
45661
48321
51132
53935
56480
58592
60067
60751
60614
59748
58376
56769
55284
54118
53441
53328
53564
53910
54254
54702
55294
55916
56406
56588
56308
55361
53578
50949
47703
44155
40504
36794
33038
29293
25576
21899
18336
15014
12043
9435
7154
5256
3869
2963
2272
1502
540
-481
-1530
-2896
-4861
-7706
-11592
-16296
-21633
-27482
-33652
-39957
-46306
-52772
-59227
-65506
-71561
-77290
-82717
-87987
-93106
-98021
-102576
-106580
-109982
-112796
-115168
-117204
-119037
-120667
-121916
-122724
-123154
-123371
-123487
-123547
-123592
-123732
-123969
-124149
-124003
-123340
-122165
-120322
-117823
-114969
-111903
-108568
-104903
-100907
-96725
-92439
-87923
-83170
-78292
-73332
-68264
-62978
-57181
-50708
-43771
-36717
-29954
-23784
-18284
-13390
-8897
-4573
-330
3961
8458
13178
18017
22627
26786
30422
33493
36249
38871
41351
43746
46138
48582
51301
54380
57621
60968
64323
67553
70580
73230
75419
77346
79347
81601
84153
86924
89768
92609
95304
97681
99756
101709
103600
105401
106988
108186
108994
109595
110206
110805
111260
111448
111312
111021
110636
110166
109629
108789
107441
105478
102891
99704
95792
90987
85130
78144
70033
61029
51522
41782
32097
22593
13158
3616
-6283
-16553
-27028
-37563
-48018
-58353
-68577
-78666
-88620
-98514
-108502
-118803
-129630
-140940
-152514
-164043
-175035
-185144
-194249
-202287
-209196
-214875
-219203
-222150
-223875
-224668
-224862
-224719
-224330
-223810
-223493
-223544
-223918
-224534
-225183
-225842
-226538
-227087
-227305
-227028
-226113
-224532
-222330
-219753
-217008
-214103
-211030
-207631
-203900
-200011
-196064
-192205
-188579
-185251
-182118
-178889
-175360
-171468
-167322
-163266
-159441
-155803
-152253
-148621
-144765
-140684
-136396
-131858
-127042
-121778
-116042
-109872
-103357
-96632
-89711
-82641
-75568
-68971
-63469
-59256
-56215
-54197
-52947
-52309
-52138
-52303
-52705
-53283
-54078
-54983
-55823
-56264
-55965
-54801
-52776
-50015
-46507
-42316
-37533
-32229
-26685
-21277
-16428
-12325
-8926
-6235
-4333
-3295
-3126
-3621
-4575
-6039
-7967
-10277
-12867
-15538
-18209
-20769
-23173
-25416
-27313
-28822
-30040
-31097
-32181
-33413
-34811
-36306
-37891
-39459
-40932
-42281
-43273
-43772
-43799
-43315
-42228
-40668
-38709
-36421
-33926
-31170
-28338
-25680
-23359
-21497
-20156
-19341
-18981
-19161
-19793
-20766
-21969
-23141
-24256
-25195
-25873
-26428
-26824
-27009
-26946
-26675
-26496
-26628
-27116
-28044
-29329
-30801
-32511
-34556
-36970
-39685
-42634
-45712
-48597
-51176
-53450
-55197
-56419
-57191
-57562
-57654
-57320
-56515
-55296
-53696
-51799
-49661
-47316
-44746
-42092
-39452
-36893
-34467
-32226
-30074
-27783
-25295
-22520
-19404
-15884
-12033
-7950
-3707
418
4210
7600
10613
13177
15260
16981
18413
19653
20836
21969
22960
23703
24271
24891
25800
27248
29257
31925
35141
38514
41814
44789
47331
49415
50953
51862
52194
52004
51364
50545
49928
49803
50100
50762
51772
53059
54619
56389
58191
59847
61279
62498
63422
63915
63983
63570
62663
61224
59232
56936
54561
52308
50358
48813
47781
47228
47040
47306
48131
49495
51234
53059
54774
56108
56804
56784
56059
54765
53068
51055
48741
46129
43200
39917
36246
32197
27913
23523
19109
14790
10699
7030
3863
1214
-756
-1902
-2271
-2075
-1487
-609
399
1396
2232
2748
2937
2905
2779
2668
2722
3093
3665
4436
5521
6777
8205
9788
11492
13316
15217
17267
19338
21350
23300
25275
27561
30236
33360
36888
40661
44576
48523
52510
56491
60344
63959
67252
70235
72974
75535
77977
80435
82979
85529
88045
90474
92724
94647
95990
96549
96232
94904
92409
88759
84278
79445
74628
70090
65880
61975
58462
55335
52473
49874
47595
45697
44296
43489
43337
43761
44680
46043
47732
49688
51844
54031
56206
58460
60840
63288
65627
67726
69427
70622
71320
71476
71127
70421
69591
68836
68360
68295
68583
69193
70173
71573
73352
75550
78088
80832
83752
86694
89599
92458
95187
97743
100024
101850
103066
103592
103435
102765
101839
100929
100134
99292
98407
97548
96670
95745
94771
93706
92411
90840
88955
86657
83927
80775
77229
73349
69161
64695
60080
55408
50776
46260
41879
37627
33433
29332
25382
21550
17759
13894
9888
5783
1725
-2127
-5684
-9020
-12137
-14976
-17667
-20372
-23293
-26696
-30653
-35039
-39724
-44502
-49194
-53792
-58081
-61790
-64981
-67711
-70033
-72107
-73972
-75593
-76949
-77895
-78236
-77852
-76587
-74450
-71602
-68054
-63924
-59320
-54304
-49075
-43763
-38492
-33300
-28226
-23293
-18395
-13493
-8468
-3171
2567
8878
15703
22883
30152
37268
44059
50469
56396
61705
66385
70361
73505
75791
77372
78471
79188
79595
79864
80023
80102
80185
80251
80345
80513
80825
81234
81641
82073
82498
82810
83085
83397
83629
83850
84070
84367
84907
85626
86483
87497
88683
89851
90881
91674
92162
92518
92665
92619
92498
92202
91714
90971
89801
88121
85905
83292
80527
77639
74668
71713
68805
65993
63356
60971
58824
56922
55174
53436
51646
49782
47858
45857
43782
41628
39351
36910
34243
31323
28133
24657
20926
16881
12585
8304
4326
890
-1944
-4182
-5945
-7388
-8615
-9738
-10736
-11695
-12738
-14004
-15695
-17811
-20239
-22786
-25320
-27774
-30159
-32492
-34732
-36962
-39206
-41534
-43907
-46239
-48556
-50687
-52582
-54210
-55458
-56256
-56385
-55728
-54408
-52493
-50005
-47114
-43867
-40243
-36296
-32053
-27705
-23519
-19804
-16780
-14498
-12932
-11913
-11235
-10858
-10842
-11226
-11971
-12986
-14157
-15422
-16791
-18208
-19664
-21112
-22541
-24076
-25852
-27964
-30460
-33361
-36529
-39871
-43424
-47239
-51367
-55816
-60541
-65373
-70170
-74898
-79532
-84065
-88484
-92770
-96886
-100803
-104462
-107752
-110579
-112963
-114917
-116407
-117445
-118180
-118918
-119869
-121146
-122761
-124579
-126425
-128131
-129575
-130579
-131035
-130902
-130112
-128694
-126638
-123999
-120837
-117166
-113087
-108633
-103921
-98958
-93680
-88078
-82045
-75656
-69086
-62577
-56392
-50742
-45859
-41776
-38445
-35762
-33556
-31765
-30339
-29060
-27643
-25930
-23854
-21335
-18414
-15213
-11874
-8605
-5542
-2723
-180
2014
3746
4950
5646
5911
5897
5877
6052
6454
7164
8162
9379
10794
12215
13442
14296
14741
14721
14192
13262
11917
10310
8632
7050
5758
4819
4203
3829
3651
3609
3671
3697
3487
2898
1867
365
-1637
-4088
-6807
-9590
-12390
-15124
-17689
-20009
-22145
-24235
-26304
-28507
-30902
-33434
-36033
-38484
-40673
-42571
-44209
-45663
-46955
-48085
-49000
-49679
-50175
-50512
-50692
-50727
-50614
-50262
-49597
-48621
-47265
-45570
-43701
-41736
-39708
-37629
-35491
-33189
-30683
-28106
-25464
-22845
-20484
-18537
-17133
-16259
-15873
-16033
-16654
-17663
-19114
-20856
-22834
-25158
-27787
-30709
-33851
-37231
-40837
-44509
-48277
-52084
-55874
-59532
-62864
-65824
-68437
-70786
-72831
-74654
-76345
-77918
-79512
-81210
-83059
-85067
-87155
-89252
-91333
-93352
-95261
-97025
-98573
-99732
-100341
-100301
-99588
-98315
-96617
-94605
-92337
-89835
-87015
-83751
-79962
-75678
-70909
-65648
-60022
-54078
-47919
-41702
-35525
-29482
-23701
-18348
-13499
-9122
-5139
-1599
1439
3963
5824
6921
7324
7172
6557
5570
4293
2752
981
-1039
-3288
-5769
-8426
-11200
-14144
-17150
-20088
-22944
-25752
-28473
-31105
-33697
-36191
-38557
-40861
-43170
-45510
-47858
-50097
-52117
-53871
-55371
-56589
-57510
-58214
-58718
-58979
-58909
-58443
-57508
-56090
-54287
-52228
-50083
-47880
-45630
-43478
-41514
-39863
-38636
-37785
-37218
-36866
-36667
-36546
-36469
-36396
-36196
-35817
-35283
-34582
-33736
-32787
-31617
-30061
-28082
-25672
-22830
-19552
-15962
-12192
-8247
-4270
-393
3300
6598
9324
11468
13050
14059
14505
14455
14020
13275
12322
11326
10397
9495
8584
7692
6759
5741
4682
3452
1950
357
-1279
-2940
-4479
-5814
-6881
-7676
-8182
-8377
-8292
-7985
-7493
-6801
-5915
-4814
-3465
-1938
-241
1563
3310
4938
6385
7640
8663
9366
9795
9908
9655
9166
8537
7838
7205
6757
6445
6232
6189
6230
6314
6495
6762
7080
7432
7798
8110
8477
9028
9781
10694
11622
12510
13321
14049
14757
15484
16155
16683
17150
17504
17607
17533
17358
17080
16692
16072
15169
13994
12524
10717
8525
5993
3124
-45
-3549
-7417
-11582
-16044
-20689
-25383
-30022
-34532
-38818
-42792
-46482
-49825
-52765
-55268
-57230
-58623
-59427
-59645
-59365
-58612
-57404
-55853
-53960
-51667
-49071
-46251
-43231
-40114
-36973
-33906
-31035
-28373
-26045
-24164
-22702
-21740
-21252
-21115
-21279
-21600
-21984
-22446
-23042
-23758
-24489
-25198
-25849
-26361
-26677
-26845
-26919
-26851
-26680
-26497
-26295
-26148
-26155
-26385
-26924
-27746
-28805
-29950
-31189
-32580
-33956
-35314
-36565
-37546
-38282
-38862
-39304
-39632
-39925
-40120
-40116
-39930
-39590
-39079
-38353
-37340
-36079
-34742
-33422
-32026
-30593
-29202
-27726
-26149
-24422
-22425
-20182
-17737
-15097
-12255
-9241
-6085
-2768
682
4288
8026
11810
15659
19424
22965
26188
28971
31298
33087
34251
34812
34802
34224
33161
31754
30206
28745
27514
26585
26027
25755
25634
25610
25586
25505
25342
25143
25008
24970
25054
25253
25514
25728
25848
25774
25356
24561
23382
21840
19995
17948
15741
13436
11138
8787
6325
3755
1062
-1773
-4716
-7654
-10536
-13376
-16113
-18708
-21075
-23066
-24625
-25763
-26521
-26953
-27070
-26925
-26588
-26100
-25493
-24738
-23852
-22858
-21739
-20576
-19410
-18254
-17276
-16534
-16042
-15795
-15716
-15793
-16031
-16425
-16953
-17654
-18451
-19268
-20117
-20977
-21888
-22798
-23637
-24398
-25081
-25716
-26223
-26598
-26909
-27069
-27134
-27174
-27090
-26875
-26565
-26209
-25920
-25669
-25390
-25117
-24827
-24493
-24048
-23377
-22507
-21441
-20143
-18666
-17091
-15594
-14329
-13428
-12953
-12889
-13284
-14014
-14909
-15978
-17159
-18367
-19554
-20741
-21936
-23066
-24132
-25110
-26045
-26977
-27930
-29012
-30176
-31366
-32508
-33507
-34338
-34894
-35095
-34835
-34012
-32645
-30774
-28407
-25582
-22373
-18813
-14956
-10852
-6561
-2168
2216
6500
10608
14526
18296
21883
25255
28391
31277
33951
36445
38744
40863
42856
44809
46826
48940
51158
53527
56140
59145
62617
66521
70782
75270
79877
84402
88530
92135
95132
97511
99366
100685
101573
102143
102476
102593
102482
102230
101860
101446
100984
100449
99846
99115
98333
97615
97031
96633
96404
96319
96375
96544
96766
96964
97162
97455
97883
98431
99133
100000
101008
102191
103463
104777
106101
107357
108641
109997
111456
112995
114555
116128
117567
118725
119468
119664
119282
118349
116860
114851
112407
109554
106457
103221
99876
96638
93643
91001
88797
87066
85810
84960
84485
84349
84546
85035
85698
86366
86829
87019
86830
86153
84978
83305
81171
78607
75753
72770
69735
66713
63744
60869
58128
55525
53077
50827
48746
46822
44987
43094
41127
39050
36799
34408
31927
29398
26761
24052
21383
18763
16343
14156
12152
10445
9099
8215
7826
7922
8584
9767
11338
13164
15151
17168
19030
20765
22331
23633
24807
25905
26874
27821
28748
29539
30280
30946
31562
32219
32831
33548
34484
35570
36855
38327
40016
41859
43729
45670
47610
49543
51505
53419
55231
56908
58500
60099
61797
63709
65908
68395
71172
74193
77317
80460
83669
86901
90051
93122
96088
98909
101542
103934
106061
107869
109329
110494
111353
111917
112254
112452
112659
112902
113203
113596
114052
114575
115033
115294
115320
115039
114409
113416
112107
110571
108874
107069
105191
103327
101478
99649
97853
96059
94322
92572
90806
89048
87235
85333
83338
81296
79219
77125
74918
72548
69963
67107
63953
60429
56620
52599
48503
44425
40378
36480
32786
29343
26211
23393
20892
18683
16786
15206
13900
12946
12355
12079
12051
12079
12039
11819
11404
10805
9959
8884
7570
5974
4075
1920
-482
-3169
-6029
-8911
-11782
-14652
-17459
-20131
-22607
-24874
-26894
-28684
-30341
-31884
-33399
-34924
-36461
-38086
-39805
-41579
-43340
-45039
-46729
-48491
-50303
-52112
-53908
-55659
-57401
-59211
-61025
-62776
-64511
-66338
-68296
-70312
-72310
-74205
-75928
-77441
-78746
-79845
-80761
-81517
-82039
-82343
-82508
-82463
-82156
-81625
-80859
-79769
-78274
-76380
-74122
-71488
-68593
-65552
-62352
-59093
-55938
-52996
-50260
-47746
-45526
-43646
-42142
-40978
-40099
-39412
-38917
-38677
-38738
-38984
-39195
-39282
-39175
-38902
-38524
-37972
-37269
-36419
-35333
-34059
-32664
-31216
-29786
-28403
-27138
-26025
-25047
-24236
-23593
-23147
-22970
-23058
-23382
-23848
-24391
-24982
-25525
-25956
-26276
-26623
-27054
-27575
-28251
-29100
-30170
-31438
-32817
-34264
-35778
-37330
-38933
-40623
-42347
-44118
-45929
-47761
-49700
-51794
-54099
-56620
-59262
-62002
-64890
-67957
-71158
-74464
-77854
-81267
-84755
-88347
-91979
-95710
-99536
-103406
-107330
-111178
-114797
-118097
-120998
-123434
-125340
-126731
-127647
-128081
-128044
-127598
-126838
-125756
-124369
-122781
-121075
-119327
-117649
-116098
-114670
-113451
-112437
-111572
-110850
-110187
-109506
-108831
-108115
-107278
-106322
-105278
-104118
-102846
-101560
-100233
-98862
-97504
-96178
-95007
-94143
-93624
-93429
-93491
-93813
-94324
-94813
-95309
-95850
-96365
-96929
-97593
-98287
-99058
-100062
-101286
-102589
-103916
-105197
-106288
-107185
-107963
-108507
-108827
-108993
-108968
-108763
-108310
-107653
-106803
-105676
-104325
-102795
-101092
-99214
-97229
-95300
-93366
-91518
-89828
-88035
-86278
-84334
-82059
-79895
-77649
-75278
-73043
-70695
-68368
-66254
-64233
-62502
-61079
-60006
-59284
-58689
-58368
-58232
-58069
-58042
-58064
-58004
-57878
-57744
-57599
-57310
-57155
-57245
-57339
-57596
-58083
-58727
-59486
-60237
-61031
-61787
-62462
-63204
-63941
-64594
-65174
-65636
-66018
-66355
-66555
-66573
-66442
-66131
-65613
-64876
-63937
-62973
-62002
-61037
-60143
-59229
-58369
-57575
-56753
-55931
-55162
-54504
-53953
-53555
-53349
-53236
-53265
-53531
-54029
-54753
-55585
-56576
-57799
-58975
-60070
-61302
-62645
-64113
-65730
-67408
-69109
-70649
-71943
-73097
-73948
-74316
-74190
-73676
-72901
-71713
-70069
-68007
-65529
-62734
-59557
-55989
-52063
-47543
-42424
-37021
-31402
-25671
-19943
-14275
-8826
-3559
1403
5927
10073
13899
17672
21323
24724
28037
31280
34435
37404
40178
42698
44706
46130
47062
47590
47779
47661
47261
46630
45763
44620
43268
41883
40477
38910
37228
35469
33771
32291
30855
29435
27997
26579
25301
24185
23290
22562
22035
21689
21531
21522
21582
21682
21712
21642
21456
21259
21101
21032
20980
20756
20434
20093
19729
19279
18856
18575
18347
18222
18263
18419
18627
18739
18636
18314
17781
17188
16678
16278
16006
15871
15876
15960
16080
16189
16216
16271
16474
16829
17378
18083
18864
19696
20561
21517
22608
23840
25193
26599
28031
29441
30771
32013
33161
34127
34799
35221
35598
36017
36468
37058
37761
38409
38934
39311
39452
39408
39193
38679
38020
37329
36555
35763
35020
34367
33780
33212
32654
32058
31484
30995
30631
30420
30332
30403
30646
31078
31700
32545
33655
35018
36632
38556
40772
43120
45626
48232
50840
53562
56351
59221
62152
65118
68125
71076
74051
77012
79968
82962
85947
88977
91955
94883
97692
100275
102781
105271
107672
109901
112066
114243
116363
118391
120296
122040
123580
124892
125886
126543
126867
126947
126872
126597
126100
125341
124312
122932
121228
119271
117103
114816
112357
109722
106856
103766
100509
97089
93568
89932
86272
82548
78792
75123
71471
67920
64500
61192
57973
54814
51733
48752
45880
43050
40292
37623
35100
32747
30525
28459
26609
25012
23596
22389
21416
20612
20020
19726
19781
20265
21139
22359
23892
25632
27604
29750
32068
34640
37492
40560
43789
47268
50918
54711
58577
62445
66232
69724
72932
75884
78562
80941
83129
85175
87041
88774
90430
91991
93333
94503
95461
96101
96397
96302
95765
94752
93348
91508
89173
86389
83098
79333
75215
70764
66076
61238
56286
51252
46100
40865
35545
30220
25015
19953
15128
10559
6278
2276
-1524
-5118
-8606
-11977
-15163
-18141
-20821
-23268
-25510
-27556
-29428
-31174
-32887
-34451
-35899
-37293
-38490
-39502
-40375
-41155
-41863
-42463
-42950
-43312
-43527
-43538
-43406
-43248
-43057
-42783
-42460
-42141
-41871
-41683
-41588
-41580
-41578
-41548
-41495
-41444
-41446
-41456
-41376
-41152
-40841
-40516
-40184
-39817
-39363
-38817
-38207
-37526
-36764
-35955
-35103
-34115
-32944
-31536
-29886
-28062
-26083
-23968
-21807
-19709
-17700
-15764
-13925
-12216
-10575
-8971
-7454
-6031
-4717
-3501
-2300
-1110
35
1155
2287
3488
4787
6123
7422
8728
9935
10972
11868
12594
13239
13702
14009
14289
14408
14345
14149
13934
13771
13629
13496
13311
13122
12960
12819
12722
12595
12451
12310
12167
12076
12075
12193
12468
12920
13556
14411
15489
16734
18084
19469
20799
22067
23293
24416
25363
26076
26547
26808
26899
26778
26456
25901
25016
23771
22129
20163
17918
15421
12675
9663
6434
3027
-424
-3791
-6954
-9810
-12412
-14857
-17165
-19358
-21519
-23618
-25571
-27536
-29575
-31589
-33604
-35541
-37374
-39143
-40867
-42617
-44388
-46194
-48041
-49972
-52032
-54231
-56535
-58888
-61280
-63617
-65819
-67991
-70104
-72113
-74138
-76108
-78051
-79927
-81687
-83289
-84621
-85732
-86534
-87066
-87327
-87330
-87120
-86669
-86097
-85413
-84668
-83963
-83317
-82682
-82150
-81753
-81405
-81171
-81059
-81079
-81232
-81423
-81679
-82028
-82491
-83189
-84042
-84996
-86053
-87308
-88941
-90853
-93001
-95411
-98009
-100830
-103815
-106871
-110035
-113143
-116194
-119200
-121938
-124391
-126531
-128297
-129660
-130669
-131292
-131491
-131377
-130911
-130086
-128909
-127369
-125499
-123370
-120956
-118238
-115311
-112164
-108906
-105643
-102417
-99250
-96193
-93339
-90712
-88268
-85940
-83759
-81584
-79330
-76946
-74384
-71672
-68853
-65973
-63027
-60062
-57017
-53988
-50967
-47907
-44874
-41752
-38556
-35272
-31804
-28176
-24525
-20970
-17453
-13930
-10455
-7092
-3854
-778
2087
4780
7351
9761
12000
14203
16308
18177
19794
21092
22063
22662
22889
22772
22275
21446
20331
18937
17331
15588
13671
11577
9346
6968
4444
1824
-825
-3450
-6003
-8443
-10699
-12691
-14449
-16026
-17399
-18565
-19495
-20277
-20990
-21552
-22002
-22353
-22614
-22781
-22803
-22692
-22432
-22024
-21459
-20738
-19852
-18779
-17582
-16298
-14980
-13686
-12371
-10954
-9333
-7416
-5170
-2652
97
3109
6404
9973
13756
17674
21634
25545
29395
33185
36883
40452
43860
47070
50068
52895
55568
58013
60202
62130
63732
65013
66000
66672
67050
67137
66970
66625
66118
65539
64901
64197
63460
62641
61763
60844
59870
58858
57849
56862
55915
54999
54182
53482
52798
52124
51427
50631
49735
48748
47577
46311
45020
43621
42171
40652
39068
37440
35732
33977
32177
30294
28371
26441
24505
22626
20857
19201
17716
16443
15354
14490
13865
13501
13327
13284
13486
13874
14365
14990
15660
16326
17047
17792
18537
19210
19844
20485
21045
21589
22137
22744
23414
24045
24668
25252
25835
26488
27097
27695
28441
29184
29896
30619
31236
31790
32271
32714
33186
33632
34019
34400
34901
35589
36499
37592
38835
40286
41897
43684
45616
47633
49750
51746
53541
55102
56394
57455
58254
58877
59345
59721
59991
60115
60143
60092
60015
59883
59695
59451
59220
59023
58827
58683
58602
58599
58642
58773
59075
59546
60105
60654
61128
61576
62074
62573
63067
63510
63859
64111
64285
64381
64372
64258
63937
63391
62621
61693
60696
59584
58411
57147
55724
54191
52587
50862
48987
47013
44993
42987
41003
39061
37198
35444
33763
32092
30511
29026
27628
26341
25118
23944
22763
21598
20563
19702
18964
18341
17867
17524
17302
17198
17294
17526
17877
18466
19190
19998
20929
21934
22894
23906
24972
25883
26702
27507
28256
28873
29386
29773
29931
29940
29863
29737
29501
29133
28644
28005
27210
26265
25240
24056
22786
21411
19860
18300
16637
14822
12937
11029
9134
7241
5423
3798
2353
1032
-143
-1120
-1917
-2590
-3062
-3351
-3532
-3566
-3493
-3361
-3193
-3034
-2866
-2697
-2533
-2324
-2189
-2149
-2144
-2232
-2367
-2537
-2759
-3007
-3387
-3927
-4593
-5487
-6557
-7764
-9158
-10682
-12312
-13962
-15646
-17383
-19112
-20889
-22720
-24573
-26422
-28196
-29866
-31423
-32834
-34086
-35198
-36191
-37101
-37942
-38693
-39322
-39803
-40074
-40098
-39903
-39411
-38624
-37602
-36276
-34664
-32829
-30792
-28568
-26160
-23533
-20732
-17789
-14752
-11753
-8731
-5719
-2773
126
2935
5731
8472
11098
13590
15872
17971
19904
21652
23170
24453
25535
26359
26982
27426
27618
27588
27306
26839
26277
25660
25056
24428
23736
22959
22043
20923
19579
18032
16325
14499
12497
10262
7858
5422
2968
585
-1711
-3960
-6061
-8118
-10090
-11916
-13612
-15136
-16542
-17802
-18903
-19839
-20686
-21447
-22111
-22821
-23586
-24388
-25251
-26222
-27337
-28649
-30149
-31815
-33719
-35775
-37905
-40077
-42226
-44352
-46469
-48492
-50380
-52225
-53963
-55593
-57181
-58681
-60181
-61674
-63153
-64611
-66016
-67394
-68759
-70132
-71477
-72789
-74066
-75339
-76606
-77857
-79061
-80160
-81210
-82209
-83104
-83920
-84734
-85570
-86379
-87202
-88007
-88749
-89517
-90254
-90894
-91411
-91766
-92006
-92103
-92014
-91710
-91209
-90507
-89594
-88433
-87042
-85528
-83864
-82139
-80421
-78642
-76842
-75122
-73513
-71944
-70372
-68790
-67276
-65821
-64338
-62881
-61383
-59841
-58336
-56794
-55182
-53541
-51940
-50346
-48739
-47140
-45505
-43937
-42549
-41281
-40089
-39043
-38080
-37174
-36436
-35798
-35220
-34711
-34254
-33873
-33540
-33203
-32893
-32667
-32473
-32304
-32117
-31882
-31684
-31466
-31208
-31001
-30838
-30651
-30456
-30272
-30067
-29852
-29612
-29352
-29031
-28614
-28156
-27575
-26794
-25924
-24962
-23816
-22558
-21269
-19882
-18382
-16884
-15320
-13628
-11871
-10049
-8181
-6317
-4574
-2843
-1093
619
2340
3958
5488
6902
8164
9363
10471
11535
12675
13813
14921
16110
17250
18241
19116
19816
20315
20571
20627
20562
20319
19849
19293
18771
18274
17856
17473
17203
17028
16861
16753
16625
16545
16531
16531
16505
16476
16444
16318
16141
15905
15684
15548
15436
15299
15134
15048
15071
15160
15315
15545
15831
16104
16340
16470
16415
16229
15936
15555
15194
14893
14683
14601
14680
14943
15288
15717
16246
16863
17581
18243
18847
19603
20388
21174
22110
22982
23839
24773
25602
26346
26998
27491
27756
27745
27496
27063
26534
25866
25086
24303
23434
22412
21222
19806
18108
16267
14292
12129
9861
7443
4942
2400
-140
-2605
-5019
-7335
-9467
-11497
-13433
-15071
-16446
-17597
-18507
-19218
-19778
-20197
-20444
-20440
-20134
-19601
-18793
-17766
-16551
-15126
-13611
-12061
-10434
-8719
-6919
-4963
-2917
-831
1321
3463
5512
7499
9450
11299
13024
14662
16205
17687
19148
20537
21791
22858
23743
24455
25023
25513
25870
26055
26121
26058
25917
25707
25354
24966
24557
24047
23477
22937
22473
21995
21462
20967
20540
20129
19765
19477
19207
19015
18971
19045
19286
19839
20725
21834
23136
24616
26150
27660
29165
30569
31783
32901
33858
34621
35254
35801
36403
37022
37670
38445
39277
40038
40723
41289
41572
41666
41625
41380
41002
40513
39920
39268
38559
37835
37137
36407
35669
34914
34085
33221
32297
31355
30360
29307
28306
27266
26187
25106
24054
23078
22182
21425
20755
20156
19693
19336
18975
18556
18099
17548
16844
15950
14907
13728
12328
10831
9335
7930
6660
5490
4546
3770
3196
2858
2680
2714
2838
2999
3229
3426
3460
3380
3240
3041
2874
2741
2637
2498
2414
2358
2128
1846
1522
1101
555
-75
-744
-1516
-2376
-3249
-4087
-4873
-5536
-6085
-6532
-6933
-7299
-7616
-7915
-8193
-8418
-8586
-8779
-8977
-9165
-9309
-9417
-9472
-9442
-9424
-9344
-9176
-8957
-8628
-8126
-7395
-6519
-5603
-4693
-3828
-3052
-2414
-1872
-1439
-1106
-816
-620
-531
-506
-494
-503
-519
-476
-367
-161
144
581
1166
1833
2546
3222
3865
4476
5050
5598
6147
6756
7405
8101
8916
9877
10863
11851
12897
13881
14662
15302
15807
16108
16358
16656
17100
17657
18260
19021
19897
20880
21991
23097
24097
24892
25443
25809
26013
26022
25852
25508
24952
24205
23206
21933
20473
18740
16656
14235
11495
8504
5324
2023
-1283
-4497
-7642
-10738
-13852
-16941
-19845
-22601
-25195
-27632
-29967
-32222
-34364
-36281
-37849
-38927
-39557
-39735
-39512
-38911
-37874
-36516
-34875
-33049
-31080
-28917
-26555
-23993
-21270
-18395
-15422
-12426
-9411
-6434
-3514
-612
2229
4955
7472
9755
11780
13475
14875
15948
16747
17280
17449
17245
16683
15756
14475
12983
11322
9561
7764
5880
3971
2106
315
-1429
-3145
-4814
-6448
-8053
-9585
-11000
-12185
-13100
-13814
-14278
-14644
-14991
-15267
-15505
-15665
-15743
-15765
-15779
-15756
-15770
-15772
-15662
-15495
-15163
-14755
-14303
-13744
-13154
-12465
-11702
-10894
-10050
-9276
-8534
-7834
-7168
-6463
-5710
-4915
-4091
-3226
-2373
-1558
-752
98
980
1793
2608
3495
4407
5353
6292
7146
7842
8337
8672
8841
8963
9111
9207
9217
9065
8873
8720
8595
8596
8653
8718
8800
8805
8731
8667
8565
8361
8077
7666
7084
6359
5600
4808
3926
2996
1941
777
-431
-1722
-3018
-4336
-5664
-6893
-8083
-9259
-10438
-11590
-12685
-13729
-14705
-15620
-16423
-17303
-18312
-19285
-20230
-21133
-21972
-22696
-23352
-23989
-24574
-25107
-25557
-25952
-26315
-26664
-27020
-27381
-27771
-28165
-28619
-29128
-29653
-30234
-30753
-31182
-31481
-31615
-31702
-31760
-31817
-31972
-32241
-32607
-33094
-33614
-34139
-34631
-35039
-35476
-35954
-36458
-36971
-37498
-38110
-38806
-39534
-40279
-41032
-41783
-42481
-43044
-43437
-43568
-43433
-43040
-42377
-41519
-40449
-39189
-37827
-36354
-34705
-32902
-30949
-28901
-26863
-24850
-22941
-21127
-19415
-17847
-16364
-14968
-13586
-12181
-10728
-9280
-7849
-6377
-4937
-3493
-2029
-579
779
2060
3273
4346
5302
6169
6990
7649
8153
8565
8893
9208
9441
9581
9631
9535
9278
8863
8350
7788
7233
6736
6249
5890
5682
5498
5377
5306
5233
5092
4828
4443
3983
3401
2607
1703
758
-234
-1304
-2427
-3656
-5038
-6459
-7974
-9549
-11096
-12725
-14479
-16318
-18221
-20147
-22049
-23889
-25668
-27399
-29130
-30868
-32613
-34355
-36044
-37690
-39243
-40658
-41985
-43169
-44149
-44989
-45706
-46304
-46746
-47059
-47275
-47348
-47342
-47285
-47228
-47200
-47227
-47322
-47401
-47490
-47499
-47421
-47345
-47227
-47033
-46745
-46356
-45911
-45506
-45045
-44567
-44098
-43558
-43067
-42623
-42308
-42129
-42001
-41940
-41857
-41738
-41599
-41371
-41066
-40661
-40183
-39721
-39226
-38706
-38199
-37711
-37211
-36674
-36085
-35481
-34884
-34291
-33736
-33128
-32512
-31857
-31105
-30302
-29444
-28570
-27570
-26469
-25290
-24036
-22807
-21562
-20334
-19064
-17726
-16296
-14708
-13048
-11243
-9322
-7325
-5175
-2943
-631
1693
3960
6166
8239
10228
12154
14023
15800
17419
18854
20129
21324
22391
23355
24256
25075
25831
26516
27078
27554
28056
28499
28905
29348
29756
30119
30407
30600
30666
30528
30180
29673
28968
28087
27103
26023
24858
23592
22251
20811
19264
17721
16184
14645
13127
11649
10252
8948
7794
6733
5720
4780
3815
2764
1611
435
-757
-1976
-3182
-4420
-5590
-6683
-7746
-8797
-9908
-10984
-12051
-13197
-14387
-15622
-16910
-18203
-19438
-20560
-21386
-21945
-22256
-22236
-21972
-21463
-20809
-20072
-19208
-18247
-17176
-15933
-14492
-12913
-11183
-9324
-7439
-5485
-3485
-1523
410
2367
4342
6280
8256
10192
11974
13619
15112
16489
17802
19084
20224
21200
21995
22547
22949
23166
23175
23040
22734
22252
21687
21065
20412
19816
19280
18814
18454
18196
18020
17878
17759
17702
17743
17907
18177
18574
19015
19532
20181
20841
21569
22377
23249
24219
25249
26290
27311
28338
29319
30231
31094
31875
32532
33066
33521
33891
34194
34417
34465
34312
33966
33454
32833
32084
31213
30291
29337
28295
27207
26143
25030
23903
22866
21944
21113
20343
19652
19051
18504
18037
17675
17343
17067
16860
16663
16435
16164
15888
15564
15249
14869
14399
14035
13612
13199
12920
12588
12249
11875
11356
10694
9877
8918
7912
6878
5733
4549
3359
2136
932
-230
-1329
-2384
-3418
-4418
-5415
-6432
-7427
-8381
-9243
-9897
-10285
-10395
-10326
-10100
-9683
-9152
-8444
-7543
-6548
-5519
-4470
-3415
-2413
-1426
-356
825
2081
3426
4877
6440
8105
9856
11742
13672
15624
17674
19740
21761
23712
25627
27477
29274
31035
32634
34142
35621
37105
38646
40242
41908
43603
45335
47059
48718
50296
51765
53111
54311
55363
56310
57212
57995
58686
59370
60062
60784
61522
62308
63174
64152
65239
66412
67564
68701
69813
70725
71528
72275
72954
73626
74341
75179
76066
77035
78063
79011
79943
80779
81451
81958
82228
82278
82105
81666
80971
80087
79019
77776
76409
74894
73201
71351
69285
66963
64475
61829
59004
56079
53074
49978
46858
43731
40661
37725
34910
32299
29888
27640
25556
23611
21820
20078
18397
16819
15260
13796
12370
10926
9521
8120
6768
5427
4119
2850
1497
119
-1241
-2559
-3812
-4958
-6038
-7161
-8315
-9525
-10725
-11917
-13146
-14328
-15485
-16683
-17903
-19094
-20357
-21715
-23028
-24287
-25495
-26570
-27547
-28418
-29121
-29727
-30276
-30773
-31185
-31560
-31971
-32347
-32710
-33100
-33454
-33755
-34054
-34380
-34752
-35103
-35438
-35811
-36099
-36358
-36643
-36906
-37184
-37477
-37834
-38129
-38330
-38493
-38532
-38466
-38290
-38051
-37756
-37381
-36955
-36415
-35764
-35066
-34286
-33439
-32552
-31575
-30450
-29134
-27626
-25906
-24020
-22014
-19911
-17793
-15669
-13512
-11380
-9245
-7105
-5022
-2957
-964
978
2887
4726
6435
7889
9211
10348
11266
12103
12793
13402
13949
14423
14884
15307
15676
15994
16297
16662
17096
17574
18135
18764
19486
20277
21127
22008
22961
24000
25038
26117
27164
28152
29074
29950
30749
31431
32046
32512
32860
33097
33227
33246
33125
32911
32534
31959
31197
30214
29060
27797
26369
24796
23089
21205
19232
17184
15052
12905
10728
8553
6444
4412
2504
750
-888
-2371
-3671
-4886
-5995
-6974
-7858
-8606
-9204
-9690
-10089
-10327
-10394
-10362
-10203
-9932
-9575
-9124
-8660
-8171
-7593
-6995
-6375
-5693
-4992
-4230
-3378
-2465
-1505
-558
436
1450
2421
3396
4331
5159
5850
6361
6673
6818
6787
6538
6053
5373
4496
3464
2277
860
-680
-2327
-4076
-5894
-7836
-9876
-11956
-14106
-16336
-18584
-20850
-23074
-25234
-27345
-29408
-31490
-33570
-35601
-37573
-39434
-41201
-42958
-44654
-46186
-47610
-48919
-50086
-51213
-52250
-53195
-54080
-54875
-55611
-56286
-56870
-57299
-57578
-57683
-57585
-57260
-56693
-55917
-54904
-53715
-52381
-50971
-49505
-47922
-46279
-44537
-42711
-40860
-38961
-36986
-34981
-32998
-30978
-28946
-26972
-25050
-23119
-21173
-19240
-17293
-15348
-13435
-11533
-9663
-7827
-6022
-4315
-2780
-1462
-401
375
911
1245
1377
1267
915
310
-561
-1668
-3013
-4533
-6260
-8149
-10202
-12389
-14564
-16791
-19014
-21233
-23483
-25664
-27808
-29860
-31769
-33641
-35406
-37048
-38626
-40095
-41498
-42821
-44004
-45069
-46055
-46979
-47850
-48653
-49461
-50267
-51035
-51871
-52730
-53576
-54406
-55179
-55891
-56527
-57034
-57407
-57714
-57952
-58182
-58412
-58588
-58688
-58734
-58797
-58918
-59121
-59345
-59595
-59800
-59938
-60066
-60101
-60043
-59931
-59763
-59513
-59229
-58903
-58513
-58055
-57490
-56801
-55972
-55044
-54027
-52971
-51866
-50724
-49554
-48274
-46952
-45539
-44039
-42582
-41117
-39682
-38295
-36964
-35738
-34626
-33697
-32883
-32194
-31674
-31243
-30931
-30730
-30593
-30533
-30593
-30791
-31181
-31718
-32329
-33029
-33686
-34319
-34936
-35441
-35896
-36251
-36504
-36762
-36989
-37189
-37467
-37829
-38246
-38722
-39259
-39812
-40368
-40952
-41551
-42196
-42911
-43689
-44486
-45324
-46230
-47153
-48095
-49077
-50013
-50895
-51762
-52479
-53078
-53616
-54042
-54349
-54552
-54664
-54626
-54489
-54291
-54041
-53758
-53452
-53157
-52819
-52452
-52067
-51644
-51195
-50670
-50152
-49678
-49204
-48788
-48453
-48223
-48122
-48119
-48186
-48376
-48702
-49133
-49653
-50250
-50952
-51762
-52633
-53548
-54550
-55611
-56680
-57771
-58852
-59907
-60951
-61918
-62815
-63662
-64446
-65204
-65939
-66726
-67603
-68563
-69623
-70750
-71928
-73168
-74497
-75906
-77381
-78934
-80553
-82264
-84051
-85850
-87667
-89504
-91342
-93163
-94918
-96593
-98184
-99622
-100885
-102018
-102951
-103657
-104209
-104554
-104689
-104642
-104411
-104064
-103614
-103096
-102529
-101870
-101143
-100372
-99553
-98729
-97932
-97162
-96411
-95650
-94901
-94171
-93424
-92663
-91891
-91127
-90362
-89633
-88962
-88345
-87807
-87373
-87036
-86731
-86446
-86139
-85745
-85265
-84685
-83977
-83131
-82154
-81095
-79979
-78812
-77594
-76327
-75083
-73802
-72481
-71200
-69907
-68617
-67348
-66094
-64894
-63696
-62501
-61346
-60201
-59103
-58020
-56955
-55932
-54931
-54031
-53249
-52590
-52080
-51689
-51370
-51157
-51016
-50929
-50920
-50960
-51117
-51358
-51701
-52149
-52674
-53262
-53788
-54292
-54736
-55086
-55387
-55614
-55795
-55938
-56081
-56247
-56465
-56780
-57207
-57695
-58189
-58686
-59139
-59571
-59982
-60348
-60662
-60892
-61048
-61111
-61058
-60851
-60508
-60045
-59449
-58738
-57884
-56888
-55739
-54448
-53033
-51504
-49888
-48204
-46429
-44552
-42612
-40612
-38563
-36480
-34406
-32345
-30270
-28227
-26222
-24300
-22477
-20721
-19050
-17466
-15972
-14549
-13210
-11971
-10821
-9784
-8857
-8025
-7279
-6563
-5865
-5197
-4543
-3923
-3332
-2741
-2149
-1566
-968
-325
329
998
1707
2479
3311
4195
5135
6072
7021
8008
9005
10027
11073
12148
13196
14196
15182
16097
16922
17701
18453
19151
19783
20368
20948
21488
21936
22356
22714
22984
23206
23332
23396
23447
23474
23498
23537
23644
23793
23973
24207
24452
24760
25132
25591
26123
26668
27326
28069
28894
29829
30831
31875
32988
34208
35543
37050
38721
40544
42508
44581
46731
48946
51222
53512
55804
58097
60323
62481
64580
66587
68470
70139
71601
72846
73815
74520
74924
75034
74865
74434
73731
72741
71474
69905
68091
66043
63744
61235
58515
55572
52433
49149
45778
42362
38889
35407
31978
28619
25311
22082
19007
16068
13259
10618
8128
5755
3545
1515
-362
-2040
-3525
-4816
-5897
-6760
-7389
-7809
-8053
-8128
-8040
-7876
-7584
-7116
-6513
-5735
-4806
-3711
-2485
-1123
399
2026
3741
5494
7310
9220
11221
13310
15484
17736
20052
22491
24990
27512
30075
32569
34988
37333
39622
41865
43982
46098
48244
50371
52541
54748
56927
59081
61301
63462
65559
67661
69673
71610
73433
75112
76669
78132
79537
80899
82266
83613
84996
86432
87897
89429
91009
92682
94433
96221
98064
99985
101971
104022
106188
108367
110585
112869
115143
117491
119877
122306
124815
127383
130027
132699
135456
138283
141149
144089
147073
150092
153157
156288
159516
162809
166113
169477
172839
176148
179434
182644
185762
188734
191522
194132
196542
198737
200742
202597
204314
205913
207379
208716
209960
211099
212092
212937
213674
214276
214766
215189
215519
215786
215993
216124
216219
216252
216197
216087
215895
215633
215299
214887
214429
213867
213197
212422
211520
210474
209318
208034
206624
205152
203550
201864
200118
198304
196481
194612
192717
190765
188757
186762
184784
182834
180930
179133
177485
176009
174700
173534
172518
171594
170761
169988
169224
168489
167736
166962
166192
165444
164725
164042
163366
162691
162040
161373
160741
160145
159596
159179
158895
158710
158626
158674
158848
159141
159565
160135
160824
161635
162619
163747
164979
166351
167847
169424
171103
172889
174734
176621
178601
180612
182671
184809
186962
189189
191469
193768
196126
198585
201120
203722
206394
209085
211841
214641
217474
220409
223388
226371
229367
232338
235291
238210
241106
243973
246829
249725
252582
255469
258357
261196
264059
266834
269477
271960
274304
276485
278422
280187
281757
283094
284252
285245
286026
286585
286952
287091
286993
286661
286085
285303
284283
283075
281726
280145
278374
276456
274354
272084
269694
267136
264412
261553
258565
255509
252341
249072
245725
242298
238799
235204
231572
227893
224154
220403
216629
212780
208898
205011
201065
197102
193129
189097
185008
180882
176684
172377
167980
163493
158923
154269
149562
144822
140019
135200
130330
125352
120306
115163
109891
104505
99037
93494
87852
82136
76370
70507
64513
58431
52262
46015
39742
33469
27218
21014
14890
8867
2958
-2813
-8429
-13908
-19241
-24430
-29503
-34438
-39228
-43852
-48308
-52604
-56714
-60630
-64373
-67951
-71327
-74521
-77571
-80446
-83164
-85701
-88054
-90278
-92336
-94233
-95957
-97512
-98914
-100125
-101176
-102064
-102790
-103412
-103904
-104279
-104563
-104737
-104851
-104893
-104878
-104854
-104806
-104771
-104748
-104751
-104793
-104865
-104985
-105174
-105418
-105709
-106088
-106541
-107059
-107633
-108232
-108859
-109534
-110252
-110942
-111633
-112320
-112952
-113565
-114177
-114776
-115337
-115891
-116445
-116985
-117537
-118073
-118625
-119212
-119830
-120494
-121221
-122074
-123059
-124152
-125375
-126730
-128201
-129787
-131470
-133253
-135139
-137098
-139163
-141310
-143506
-145782
-148146
-150586
-153117
-155791
-158553
-161362
-164245
-167176
-170116
-173043
-175964
-178857
-181704
-184476
-187205
-189948
-192656
-195383
-198155
-200909
-203668
-206432
-209200
-211971
-214730
-217539
-220398
-223292
-226261
-229302
-232425
-235612
-238856
-242154
-245480
-248807
-252110
-255372
-258580
-261765
-264919
-268036
-271156
-274275
-277375
-280474
-283550
-286592
-289660
-292734
-295850
-299032
-302208
-305383
-308528
-311606
-314550
-317355
-320052
-322604
-325015
-327287
-329454
-331500
-333439
-335351
-337182
-338917
-340621
-342252
-343802
-345307
-346711
-348035
-349330
-350541
-351725
-352878
-353989
-355145
-356252
-357382
-358544
-359685
-360871
-362016
-363169
-364340
-365482
-366653
-367826
-368958
-370126
-371325
-372507
-373713
-374945
-376137
-377273
-378420
-379473
-380418
-381293
-382028
-382674
-383228
-383690
-384057
-384328
-384556
-384712
-384805
-384792
-384673
-384485
-384186
-383825
-383369
-382799
-382135
-381376
-380525
-379590
-378614
-377542
-376326
-374987
-373486
-371792
-369973
-368003
-365846
-363579
-361161
-358562
-355808
-352882
-349800
-346576
-343179
-339609
-335902
-332030
-327982
-323796
-319470
-314984
-310335
-305534
-300580
-295561
-290483
-285322
-280185
-275048
-269971
-264987
-260035
-255175
-250405
-245694
-241033
-236485
-232012
-227564
-223207
-218924
-214692
-210500
-206355
-202191
-197954
-193695
-189431
-185182
-180983
-176835
-172775
-168821
-164950
-161170
-157445
-153777
-150177
-146556
-142867
-139163
-135446
-131669
-127848
-124014
-120160
-116212
-112220
-108227
-104196
-100097
-95926
-91716
-87446
-83168
-78842
-74379
-69799
-65134
-60344
-55392
-50329
-45113
-39780
-34354
-28837
-23272
-17675
-12063
-6372
-637
5105
10872
16609
22249
27794
33238
38503
43625
48620
53442
58095
62566
66875
71017
74987
78811
82490
86054
89478
92739
95865
98859
101744
104513
107180
109742
112213
114640
116966
119212
121447
123634
125777
127932
130048
132079
134069
136000
137843
139608
141282
142856
144324
145646
146834
147906
