TIMESERIES IU_PMSA_00_BHZ_M, 7240 samples, 20 sps, 2016-12-25T14:26:18.019536, SLIST, INTEGER, Counts
-909
-705
-489
-324
-166
-7
68
177
245
247
415
349
317
370
326
293
162
230
57
-57
-49
-133
-112
-211
-224
-271
-334
-390
-425
-505
-603
-611
-717
-717
-795
-911
-942
-1049
-1073
-1149
-1152
-1152
-1161
-1023
-976
-846
-722
-628
-431
-270
-133
-8
141
270
418
524
598
767
832
902
989
1006
1057
1081
1119
1148
1139
1146
1160
1117
1056
1056
1022
958
890
801
719
611
470
335
196
30
-117
-261
-402
-527
-668
-743
-796
-863
-830
-753
-683
-607
-476
-367
-314
-159
-4
67
129
179
184
186
185
166
152
124
94
26
-42
-141
-278
-375
-553
-668
-742
-900
-953
-1016
-1086
-1122
-1128
-1086
-1104
-1043
-984
-955
-940
-925
-817
-819
-837
-814
-812
-821
-852
-854
-828
-788
-760
-676
-616
-540
-398
-300
-165
-119
-39
79
100
228
272
316
380
353
440
498
538
610
661
727
786
865
972
1038
1045
1036
965
915
836
679
539
339
127
-47
-210
-415
-556
-657
-765
-809
-820
-769
-755
-690
-609
-618
-543
-428
-415
-392
-327
-342
-302
-253
-196
-128
-104
6
96
184
270
330
406
400
389
356
255
187
121
57
-22
-170
-319
-491
-643
-716
-838
-1022
-1184
-1218
-1226
-1315
-1355
-1283
-1164
-1120
-1103
-973
-786
-665
-538
-378
-226
-99
56
193
292
492
662
848
1053
1218
1357
1314
1292
1329
1261
1118
921
775
692
609
537
442
404
395
276
228
214
174
180
150
98
98
128
74
91
91
71
150
158
181
256
387
456
619
771
798
949
908
856
856
641
474
223
-211
-366
-723
-1144
-1218
-1581
-1714
-1823
-2023
-2005
-2115
-2039
-1968
-1938
-1777
-1594
-1398
-1199
-999
-776
-555
-386
-196
-84
6
152
192
192
263
218
155
143
20
-43
-127
-267
-362
-428
-428
-436
-435
-418
-363
-303
-275
-208
-127
7
177
328
499
723
877
1004
1203
1293
1419
1556
1589
1646
1675
1693
1685
1640
1548
1450
1389
1316
1224
1106
986
859
745
646
500
385
277
136
15
-116
-218
-323
-407
-478
-572
-671
-835
-931
-1054
-1267
-1416
-1638
-1724
-1813
-1985
-1899
-1955
-1909
-1753
-1781
-1605
-1542
-1458
-1265
-1248
-1100
-1024
-1054
-967
-941
-908
-907
-888
-783
-813
-764
-646
-583
-426
-258
-151
8
186
301
453
549
690
782
818
918
852
852
833
747
729
636
586
534
427
403
346
245
220
191
230
216
184
225
250
234
193
257
205
200
195
154
241
154
89
47
-46
-153
-277
-323
-402
-456
-540
-613
-666
-770
-841
-914
-1004
-1117
-1248
-1302
-1337
-1391
-1429
-1463
-1378
-1321
-1248
-1133
-1056
-885
-793
-707
-559
-446
-358
-297
-229
-164
-87
-49
-27
-10
-28
11
88
161
267
375
418
449
525
535
512
489
426
363
304
309
274
224
204
125
94
59
-26
-84
-107
-157
-208
-230
-249
-192
-105
-45
34
92
153
276
348
420
444
391
445
407
397
408
282
280
292
295
197
49
41
-71
-247
-269
-379
-360
-437
-668
-447
-601
-633
-535
-710
-483
-593
-610
-417
-487
-355
-400
-486
-342
-575
-653
-588
-754
-816
-1000
-980
-987
-1168
-1227
-1268
-1323
-1442
-1447
-1536
-1596
-1710
-1886
-1862
-1985
-2016
-1992
-2006
-1829
-1711
-1516
-1238
-1021
-754
-537
-237
81
251
499
708
876
1032
1071
1166
1129
1055
1086
963
871
833
788
772
723
766
819
856
950
1090
1313
1405
1334
1353
1432
1374
1165
1010
922
729
562
357
131
54
-84
-236
-366
-469
-450
-585
-755
-682
-692
-741
-710
-780
-765
-703
-718
-668
-668
-770
-878
-927
-905
-996
-1083
-1190
-1435
-1477
-1452
-1633
-1836
-1842
-1807
-1885
-1868
-1773
-1651
-1494
-1284
-1010
-820
-595
-411
-295
-87
29
119
217
304
327
272
324
212
122
71
-115
-139
-289
-476
-598
-743
-897
-998
-916
-905
-901
-902
-900
-852
-751
-695
-657
-539
-443
-211
-113
62
268
374
634
637
812
1044
1034
1217
1254
1307
1436
1338
1373
1475
1435
1430
1417
1402
1392
1293
1292
1186
1005
894
668
538
433
162
-89
-208
-448
-659
-786
-982
-1094
-1222
-1301
-1382
-1475
-1524
-1608
-1633
-1680
-1764
-1831
-1864
-1879
-1884
-1881
-1898
-1902
-1919
-1928
-1917
-1904
-1955
-1996
-1972
-2029
-2026
-1957
-1930
-1864
-1773
-1644
-1506
-1366
-1226
-1112
-956
-783
-608
-403
-195
-3
202
433
646
864
1044
1162
1315
1418
1498
1585
1559
1522
1447
1331
1216
1089
979
788
644
525
414
427
397
397
457
494
512
540
644
728
726
767
846
817
805
777
714
691
616
557
489
437
372
273
197
112
46
-117
-267
-453
-704
-892
-1111
-1263
-1462
-1692
-1835
-1994
-2133
-2167
-2207
-2256
-2164
-2130
-2142
-2011
-1920
-1905
-1853
-1793
-1741
-1714
-1646
-1585
-1495
-1328
-1165
-960
-814
-654
-438
-225
-40
151
381
503
654
822
940
1056
1085
1137
1220
1241
1322
1433
1403
1346
1315
1258
1248
1195
1072
967
870
759
659
523
299
151
112
-12
-168
-267
-353
-359
-422
-483
-470
-578
-698
-771
-801
-761
-730
-920
-1021
-892
-1013
-1035
-931
-1127
-1221
-1168
-1306
-1313
-1332
-1498
-1526
-1642
-1724
-1657
-1677
-1743
-1718
-1710
-1669
-1566
-1493
-1416
-1385
-1273
-1133
-927
-784
-860
-799
-782
-866
-796
-814
-898
-880
-940
-893
-820
-899
-760
-606
-492
-339
-217
5
186
389
643
919
1178
1322
1520
1710
1832
2026
2116
2158
2242
2198
2202
2139
1995
1947
1797
1669
1449
1193
1038
735
559
294
-69
-243
-536
-749
-1016
-1380
-1504
-1747
-1894
-1976
-2164
-2128
-2191
-2131
-1954
-1941
-1763
-1528
-1383
-1258
-1059
-887
-691
-521
-462
-289
-167
-129
-114
-170
-230
-266
-354
-463
-607
-768
-829
-1043
-1174
-1144
-1293
-1351
-1352
-1371
-1338
-1339
-1263
-1188
-1113
-995
-885
-750
-645
-537
-398
-294
-228
-146
-62
11
42
51
94
176
232
268
322
324
394
444
455
536
554
520
522
546
520
535
539
460
450
378
322
295
192
124
-25
-131
-184
-260
-360
-503
-615
-783
-896
-1006
-1235
-1355
-1434
-1641
-1825
-1926
-1989
-2080
-2144
-2164
-2168
-2094
-1986
-1860
-1808
-1677
-1441
-1265
-1024
-813
-587
-313
-52
189
322
462
594
722
765
746
731
636
550
445
348
216
43
-119
-248
-324
-514
-674
-729
-848
-926
-971
-1081
-1107
-1162
-1244
-1194
-1219
-1171
-1132
-1142
-1030
-1046
-1043
-986
-992
-976
-989
-924
-837
-821
-667
-520
-372
-197
-91
133
296
427
600
712
879
1021
1118
1208
1235
1228
1186
1125
1008
820
679
522
328
204
67
-105
-212
-356
-502
-621
-760
-864
-950
-1007
-1037
-1118
-1102
-1114
-1215
-1085
-1225
-1077
-902
-1107
-759
-915
-782
-525
-775
-425
-555
-489
-295
-467
-201
-213
-202
-20
-12
31
61
30
18
-57
-275
-414
-619
-853
-1020
-1302
-1502
-1615
-1854
-1930
-1956
-2001
-1787
-1634
-1257
-816
-337
393
1032
1877
2647
3540
4542
5442
6562
7613
8845
10236
11674
13236
14867
16627
18441
20395
22374
24349
26438
28669
31019
33360
35857
38539
41285
44179
47203
50335
53565
56892
60312
63922
67748
71780
76105
80689
85623
90860
96302
102046
107953
114023
120262
126533
132945
139405
145893
152485
159062
165642
172203
178686
185076
191309
197363
203187
208805
214269
219426
224307
228941
233130
236979
240518
243739
246768
249554
252178
254700
257155
259486
261599
263549
265248
266724
267875
268702
269387
269801
269938
269700
269032
267820
265833
263168
259651
255258
250074
244125
237475
230031
221799
212654
202740
191979
180380
168171
155242
141888
128080
113787
99142
84073
68666
52966
36984
20913
4886
-11111
-26668
-41871
-56660
-70877
-84836
-98331
-111770
-125305
-138931
-152640
-166295
-179992
-193197
-206202
-218761
-230626
-242135
-252830
-262936
-272105
-280330
-287807
-294054
-299447
-303767
-306874
-308999
-309931
-309704
-308352
-305988
-302717
-298631
-294006
-288900
-283524
-278005
-272390
-266741
-260860
-254891
-248522
-241721
-234553
-226845
-218865
-210468
-201773
-192953
-184055
-175146
-166300
-157644
-149076
-140568
-131971
-123245
-114262
-104819
-94926
-84404
-73220
-61410
-49168
-36797
-24418
-12321
-764
10034
19983
28986
36921
43797
49665
54521
58112
60640
62238
62807
62655
61875
60625
58950
56771
54315
51585
48667
45771
43072
40749
38835
37348
36092
34915
33705
32268
30615
28676
26452
24062
21420
18581
15712
12912
10428
8306
6613
5349
4220
3273
2477
1860
1539
1438
1620
1914
2045
1805
1115
-89
-1857
-4121
-6880
-9957
-13332
-16965
-20780
-24804
-28881
-32973
-36933
-40566
-43648
-45935
-47375
-47781
-47145
-45546
-43171
-40418
-37574
-35021
-33043
-31912
-31783
-32650
-34434
-36985
-40357
-44707
-50148
-56717
-64507
-73590
-83955
-95454
-107909
-121084
-134653
-148232
-161324
-173549
-184532
-194112
-202261
-208809
-213875
-217602
-220228
-222063
-223155
-223672
-223613
-222953
-221712
-219831
-217334
-214125
-210453
-206496
-202121
-197676
-193320
-188900
-184501
-180093
-175541
-170651
-165445
-160104
-154869
-150061
-145914
-142875
-141120
-140782
-142163
-145078
-149485
-155413
-162668
-171128
-180311
-189819
-199278
-208213
-216517
-224007
-230607
-236293
-241025
-244847
-247685
-249663
-250714
-250821
-250229
-248978
-247402
-245571
-243452
-241351
-239052
-236557
-233918
-230858
-227677
-224092
-219814
-215068
-209572
-203448
-196877
-189939
-182705
-175222
-167621
-159897
-152069
-144016
-135628
-126510
-116387
-105046
-92342
-78418
-63217
-47405
-31464
-15874
-1545
11402
22542
31652
38775
43787
47107
48919
49419
48654
46586
43309
38538
32321
24907
16570
7812
-1116
-9842
-17760
-24783
-30605
-35190
-38471
-40351
-41255
-40937
-40089
-38782
-37112
-36084
-35659
-36649
-39477
-44240
-51007
-59490
-69642
-81014
-93309
-105971
-118806
-131801
-144554
-157221
-169933
-182753
-195884
-209511
-223673
-238050
-252240
-265775
-278173
-289367
-299335
-307942
-315507
-322205
-328024
-333330
-338231
-342675
-346783
-350367
-353262
-355402
-356332
-355738
-353591
-349921
-344764
-338504
-331700
-324429
-316982
-309397
-301981
-294652
-287015
-279491
-271551
-263301
-254954
-246694
-239167
-232289
-226269
-221134
-216541
-211955
-207231
-202309
-196565
-189935
-182586
-174182
-164547
-153744
-142046
-129798
-116966
-103773
-90495
-77197
-64008
-51036
-38625
-26488
-14321
-2205
10360
23548
37459
52131
67642
84009
101073
118777
136684
155041
173855
192967
212937
233606
254844
276958
299599
322383
345245
367708
389581
410257
429121
446431
461753
474710
485198
493134
498674
501551
501828
499749
495231
488424
479619
469151
457342
444686
431640
418415
405289
392488
380144
368356
357501
347859
339149
331026
323168
315201
306438
296464
285145
272059
257518
241695
225082
208395
191530
175044
159121
143456
128395
114186
100913
88794
77988
68955
61581
55744
51635
48860
47470
47127
47469
48149
48770
49691
50584
51472
52866
54895
57654
61499
66649
72767
80211
89292
99468
110543
122783
135633
149051
163108
176824
190388
203843
216923
229944
242918
255704
267914
279736
290860
301111
310880
319531
327402
334256
340100
345425
349959
354821
359827
365080
370681
376142
382010
387697
393207
398230
402313
405587
407597
408268
407566
405887
403265
399570
395564
391331
387148
383467
379864
376367
372683
368076
362030
354046
343758
330898
315613
298161
278641
257369
234686
210628
185599
159836
133291
106111
78393
50422
22530
-4706
-30725
-55132
-77433
-97380
-114866
-129793
-142139
-151977
-159481
-165052
-168942
-171263
-172139
-171323
-168800
-164410
-158345
-150955
-142389
-133328
-123871
-114103
-103973
-93373
-82399
-71007
-59398
-47764
-36277
-24772
-13488
-2459
8418
18894
29114
39065
49078
59240
69605
80398
91364
102556
113753
124827
135754
146176
156138
165476
173970
181897
189368
196424
203086
209523
216167
223044
230234
237788
245528
253133
260112
266360
271731
276113
279749
282951
286111
289398
292859
296529
300180
303486
306379
308891
310983
312512
313114
312503
310391
306733
301778
295682
288943
281978
274902
267963
261333
255117
249325
243893
238672
233515
228347
223039
217467
211490
205051
197980
189952
180788
170398
158737
145820
131744
116686
100843
84388
67398
50098
32742
15434
-1546
-18184
-34467
-50395
-66076
-81201
-95893
-110178
-123798
-136816
-149035
-160536
-171586
-182104
-192195
-201670
-210200
-217717
-223737
-228060
-230614
-231281
-230453
-228254
-225037
-221455
-217754
-214197
-210941
-208005
-205573
-203707
-202203
-200959
-200078
-199513
-199429
-200044
-201347
-203332
-205843
-208672
-211387
-213915
-216299
-218550
-220871
-222924
-224672
-225995
-226766
-227022
-226488
-225240
-223205
-220291
-216485
-211963
-207110
-202170
-197407
-193062
-189387
-186451
-184218
-182622
-181571
-180927
-180521
-180318
-180224
-179945
-179354
-178443
-177193
-175669
-173731
-171301
-168152
-164093
-159134
-153123
-146194
-138277
-129285
-119270
-108082
-95885
-82904
-69339
-55492
-41610
-27851
-14352
-1048
11827
23854
35085
45395
54642
62734
69661
75242
79316
82318
84521
86251
87929
90106
92951
96431
100784
105627
110772
116109
121280
126164
130434
133669
135634
136175
135053
132336
128371
123238
116999
109875
101966
93291
84075
74477
64510
54361
44036
33634
23421
13413
3737
-5510
-14371
-23031
-31665
-40326
-49306
-58684
-68400
-78776
-89778
-101146
-112811
-124457
-136050
-147415
-158199
-168437
-177909
-186298
-193425
-199117
-203321
-206019
-207329
-207528
-206834
-205605
-204129
-202608
-201255
-200247
-199252
-198280
-197183
-195276
-192699
-188625
-183245
-176749
-168853
-160569
-151663
-142864
-134529
-126613
-119799
-113963
-109478
-106219
-104070
-102822
-102114
-101902
-101793
-101787
-101571
-100743
-99121
-96543
-93133
-88922
-84104
-78859
-73435
-68278
-63701
-60008
-57385
-55934
-55723
-56766
-59009
-62164
-65976
-70183
-74371
-78352
-82032
-85268
-88021
-90341
-92253
-93854
-95318
-96671
-97918
-99094
-100190
-101468
-103165
-105344
-108247
-111849
-116254
-121469
-127430
-134184
-141595
-149525
-157622
-165740
-173480
-180773
-187422
-193432
-199117
-204054
-208678
-212521
-215519
-217954
-219163
-219467
-218542
-216540
-213606
-209731
-205309
-200461
-195682
-190866
-186320
-181946
-177483
-173112
-168444
-163576
-158303
-152489
-146214
-139063
-131067
-122083
-111890
-100674
-88468
-75455
-61916
-48178
-34661
-21572
-9248
2167
12667
22327
31434
40157
48888
57632
66391
75113
83478
91424
98647
104967
110288
114639
117910
119956
120938
120874
119814
117908
115236
111689
107440
102617
96894
90452
83602
76140
68452
60996
53688
47041
41306
36429
32786
30319
28975
28944
30185
32714
36574
41619
47760
54827
62554
70597
78677
86793
94683
102244
109135
115234
120494
124566
127728
130043
131692
132864
133713
134309
134816
135028
134726
134057
132420
130137
127065
123103
118870
114249
109642
105269
101431
98402
95990
94350
93425
92972
92823
92722
92509
92044
91300
90419
89212
87683
86180
84588
82994
81540
80205
78917
77475
76018
74326
72454
70306
67689
64889
61529
57913
54200
50411
47195
44551
42894
42531
43267
45456
49071
53843
59735
66267
73176
80251
87017
93405
99056
103922
108120
111391
114147
116363
118035
119244
119727
119707
118950
117606
115726
113260
110450
107093
103571
99939
96208
92578
88992
85574
82155
78791
75384
71836
68249
64540
61148
58201
55848
54330
53473
53424
54279
56411
59923
64742
70680
77548
86014
95903
106986
119317
132611
146791
161406
176218
190810
204607
217247
228426
238264
246656
253475
258727
262434
264849
266048
266262
265640
264049
261533
258007
253505
248087
241762
234656
226831
218408
209464
200201
190719
181084
171470
162031
152852
143936
135461
127395
119813
112725
106081
99887
93849
88059
82355
76492
70352
63444
55653
46848
37047
26268
14535
2128
-10936
-24122
-37101
-49623
-61199
-71594
-80539
-88023
-93860
-98102
-100717
-101653
-101182
-99235
-95955
-91503
-86048
-79817
-72843
-65210
-56954
-48236
-39122
-29528
-19539
-9173
1575
12644
23901
35299
46790
58341
69928
81353
92718
104038
115372
126860
138394
149980
161439
172485
182903
192391
200732
207745
213114
216815
218786
218957
217483
214467
210133
204593
197927
190179
181376
171657
161082
149632
137348
124176
110241
95789
80618
64840
48512
31579
14260
-3346
-21115
-38927
-56514
-73693
-90204
-105739
-120136
-133140
-144584
-154344
-162382
-168574
-172780
-175081
-175363
-173767
-170720
-166482
-161299
-155324
-148746
-141730
-134346
-126548
-118311
-109641
-100542
-91095
-81302
-71365
-61617
-52176
-43090
-34589
-26689
-19233
-12573
-6835
-2004
1548
3799
4813
4504
2894
103
-3789
-8670
-14355
-20727
-27625
-35146
-42950
-50670
-58531
-66076
-73189
-79813
-85425
-90217
-94075
-96960
-99000
-100129
-100565
-100344
-99667
-98513
-96879
-94998
-92803
-90578
-88306
-85928
-83665
-81468
-79426
-77688
-76478
-75889
-75903
-76504
-77863
-80044
-83018
-86934
-91496
-96682
-102341
-108266
-114513
-120791
-127126
-133550
-139779
-145625
-150908
-155518
-159365
-162100
-163636
-163900
-162534
-159507
-154755
-148244
-140021
-130116
-118663
-105818
-91905
-77291
-62400
-47600
-33291
-19807
-7377
3823
13576
21608
28034
32811
36074
38120
38932
38847
38056
36624
34829
32829
30802
28817
26956
25332
23852
22458
20981
19308
17502
15504
13359
11087
8691
6210
3656
1040
-1723
-4532
-7324
-10164
-13035
-16136
-19520
-23099
-27081
-31612
-36655
-42144
-48030
-54204
-60545
-66976
-73339
-79521
-85461
-91077
-96246
-100946
-105268
-109112
-112513
-115625
-118397
-120828
-122743
-124014
-124746
-124855
-124274
-123221
-121731
-119747
-117336
-114409
-111094
-107418
-103432
-99364
-95192
-91054
-86985
-82954
-79322
-76307
-74013
-72744
-72434
-73053
-74680
-76933
-79671
-82830
-86063
-89154
-91891
-94071
-95396
-95852
-95497
-94095
-91738
-88448
-84154
-78883
-72739
-65989
-58818
-51381
-43836
-36378
-29297
-22822
-17153
-12513
-9063
-6745
-5458
-5108
-5466
-6541
-8236
-10422
-13013
-15738
-18564
-21395
-24076
-26603
-28829
-30549
-31841
-32552
-32500
-31727
-30040
-27687
-24697
-20983
-16926
-12405
-7539
-2563
2423
7158
11451
14947
17495
18952
19123
17892
15197
11063
5538
-1181
-9028
-17923
-27579
-37862
-48775
-60054
-71421
-82846
-94277
-105608
-116744
-127641
-138160
-148169
-157486
-165801
-173021
-179042
-183793
-187194
-189278
-190125
-189586
-187746
-184745
-180790
-176099
-170932
-165597
-160190
-154957
-149894
-144971
-140308
-135826
-131594
-127441
-123254
-118983
-114429
-109668
-104557
-99010
-93186
-87040
-80499
-73512
-66003
-58012
-49547
-40557
-31273
-21767
-11992
-2156
7672
17231
26348
34807
42430
49364
55369
60400
64617
67931
70254
71649
72156
71738
70371
68209
65413
61988
58097
53831
49412
44966
40506
36279
32296
28516
24959
21592
18498
15821
13688
12363
11989
12569
14176
16785
20313
24685
29857
35584
41544
47614
53531
59178
64492
69198
73416
77148
80338
83129
85521
87743
90043
92508
95299
98509
102050
105975
110346
115357
121026
127336
134226
141402
148862
156326
163618
170393
176563
181801
185738
188510
189844
189931
188678
186465
183388
179579
175336
170477
165446
159991
154372
148645
142686
136735
130684
124785
118824
112886
106986
101131
95735
90765
86400
82669
79574
77279
75654
74690
74320
74202
74117
73941
73511
72646
71129
68916
65923
62054
57196
51158
43803
35102
25188
14153
2310
-10087
-22851
-35773
-48713
-61345
-73442
-84789
-95121
-104363
-112459
-119217
-124586
-128455
-130592
-130810
-129150
-125780
-120709
-114115
-106023
-96689
-86415
-75232
-63510
-51699
-40009
-28527
-17459
-6829
3296
12766
21521
29283
35988
41633
46106
49478
51749
52917
53041
52027
49887
46714
42491
37465
31704
25296
18458
11162
3576
-4144
-11935
-19709
-27376
-34908
-42278
-49559
-56830
-64064
-71178
-78061
-84722
-90972
-96807
-102220
-107024
-111322
-115127
-118427
-121268
-123481
-125058
-126059
-126427
-126196
-125275
-123721
-121599
-118849
-115515
-111662
-107313
-102341
-96930
-91214
-85225
-79151
-72761
-66163
-59453
-52392
-45218
-37858
-30238
-22503
-14659
-6781
992
8491
15642
22280
28412
33945
38866
43359
47422
51142
54628
57900
61018
64066
66987
69997
73116
76256
79656
83241
87025
90956
94890
98863
102719
106311
109528
112373
114630
115916
116257
115685
114082
111359
107649
103006
97378
90951
83772
75971
67624
58769
49718
40441
31108
22091
13392
5204
-2379
-9264
-15145
-20158
-24056
-26751
-28432
-28819
-28064
-26086
-23172
-19426
-14865
-10165
-5074
86
5068
10006
14649
18853
22205
24966
27069
28408
29214
29395
29108
28445
27618
26749
26003
25507
25328
25612
26229
27041
27881
28710
29516
30092
30463
30651
30562
30327
29858
29101
28136
27023
25828
24634
23580
22578
21673
20926
20217
19357
18258
16848
14921
12451
9422
5749
1415
-3498
-8933
-14799
-20807
-26707
-32303
-37367
-41799
-45514
-48451
-50646
-52102
-52766
-52838
-52603
-52155
-51731
-51424
-51352
-51528
-51737
-51983
-52124
-52200
-52153
-51850
-51436
-50805
-50100
-49404
-48598
-47744
-46728
-45476
-43921
-41943
-39370
-36360
-32742
-28394
-23819
-18541
-12888
-7406
-1719
3582
8346
12722
16465
19782
22741
25235
27310
29106
30653
31860
32915
33915
34689
35354
35841
36123
36370
36415
36421
36245
35866
35568
35179
35038
35163
35425
36047
36830
37685
38682
39686
40678
41730
42639
43429
44120
44557
44700
44365
43483
42101
40313
38069
35319
32253
28887
25177
21237
17298
13359
9228
5016
792
-3395
-7358
-11008
-14298
-17287
-19899
-22217
-24402
-26464
-28682
-31151
-33951
-37137
-40573
-44324
-48310
-52484
-56797
-61194
-65628
-69900
-74215
-78311
-82192
-85899
-89138
-92244
-94755
-96910
-98618
-99548
-100047
-99851
-99393
-98613
-97658
-96775
-95889
-95304
-94975
-94968
-95328
-96082
-96992
-98085
-99383
-100809
-102456
-104080
-105728
-107189
-108432
-109475
-110252
-110791
-110921
-110568
-109565
-107871
-105167
-101434
-96506
-90226
-82839
-74201
-64517
-54019
-42864
-31330
-19585
-7795
3893
15243
26138
36485
46130
54970
62785
69522
75043
79218
82176
83972
84778
84683
83906
82702
81040
79088
76948
74533
71967
69300
66406
63367
60146
56800
53441
49984
46553
43169
39831
36632
33569
30679
27934
25331
22978
20926
19221
17844
16619
15512
14520
13447
12325
11200
10115
9195
8514
8187
8173
8564
9291
10328
11713
13261
15116
17211
19529
22175
25055
28211
31510
34951
38335
41501
44593
47169
49116
50442
50945
50503
49049
46867
43808
40027
35807
31091
26020
20680
15212
9570
3948
-1523
-6807
-11781
-16486
-20874
-24967
-28650
-31967
-34897
-37387
-39469
-41144
-42444
-43209
-43541
-43448
-42927
-42073
-40817
-39302
-37675
-36081
-34593
-33375
-32528
-32096
-32365
-33334
-34836
-36877
-39453
-42414
-45720
-49324
-53189
-57314
-61482
-65601
-69606
-73399
-76923
-80061
-82796
-85180
-87146
-88607
-89501
-89689
-89169
-87996
-86079
-83379
-79921
-75750
-70914
-65530
-59735
-53605
-47161
-40463
-33618
-26608
-19574
-12538
-5592
1086
7520
13490
19018
24075
28495
32365
35614
38255
40322
41775
42682
43177
43289
43085
42542
41748
40804
39432
37779
35872
33491
30817
27974
24766
21252
17592
13650
9525
5267
1136
-2698
-6471
-9951
-13049
-15816
-18078
-19902
-21323
-22342
-22949
-23214
-23304
-23142
-22835
-22508
-22077
-21425
-20434
-19086
-17404
-15414
-13072
-10422
-7495
-4260
-661
3330
7625
12231
17082
22114
27288
32574
37949
43226
48356
53286
57845
62036
65876
69337
72418
75070
77303
79287
81025
82410
83404
84043
84366
84162
83517
82474
80856
78706
75907
72509
68406
63527
58244
52512
46387
40324
34389
28524
22976
17847
13057
8689
4874
1569
-1240
-3506
-5221
-6309
-6745
-6627
-6023
-4899
-3434
-1776
-47
1570
3201
4750
6096
7377
8425
9351
10243
10920
11630
12300
13011
13779
14505
15407
16333
17410
18634
19885
21062
22253
23339
24251
25116
25680
26305
26901
27611
28616
29970
31841
33918
36407
39063
42001
45142
48191
51475
54658
57987
61357
64646
68011
71181
74434
77426
80255
83048
85574
87970
90087
91998
93575
94719
95443
95743
95708
95226
94156
92488
90185
87194
83574
79384
74793
69841
64580
59098
53322
47242
40906
34403
27731
20908
13949
6873
-294
-7494
-14662
-21757
-28696
-35482
-42016
-48281
-54252
-59794
-64878
-69483
-73626
-77285
-80460
-83242
-85695
-87772
-89522
-91119
-92605
-94009
-95386
-96673
-97920
-99237
-100674
-102293
-104119
-106255
-108637
-111280
-114285
-117733
-121664
-125831
-130110
-134418
-138701
-142876
-146823
-150510
-153739
-156357
-158269
-159412
-159920
-159709
-158681
-156968
-154381
-150855
-146497
-141284
-135407
-128924
-121778
-114037
-105689
-96858
-87747
-78450
-69075
-59704
-50438
-41389
-32588
-24133
-16095
-8499
-1413
5142
11133
16449
21038
24975
28239
30788
32565
33577
33964
33825
33392
32766
31921
30925
29817
28624
27477
26583
25939
25847
26237
27056
28396
29947
32051
34359
36964
39746
42269
44872
47305
49976
52745
55518
58519
61664
65027
68633
72483
76439
80570
84537
88286
91695
94709
97420
99565
101251
102412
103120
103439
103226
102627
101583
100183
98535
96602
94463
92162
89823
87320
84583
81764
78928
75979
72723
69126
65162
60788
55843
50134
43834
37026
29842
22513
15023
7501
11
-7325
-14327
-20886
-26928
-32512
-37510
-41859
-45472
-48327
-50579
-52214
-53176
-53616
-53714
-53435
-52862
-52063
-51208
-50324
-49373
-48684
-48219
-48078
-48165
-48421
-49029
-49786
-50803
-52070
-53628
-55515
-57746
-60388
-63249
-66301
-69366
-72363
-75312
-78118
-80802
-83312
-85628
-87700
-89588
-91440
-93204
-94954
-96563
-97733
-98327
-98207
-97363
-95832
-93666
-90789
-87126
-82863
-78107
-72846
-67401
-61979
-56564
-51284
-46052
-40935
-35783
-30637
-25734
-20897
-16386
-12186
-8295
-4949
-1949
712
2948
4800
6310
7548
8636
9592
10426
11114
11723
12326
12811
13271
13732
14095
14385
14694
14938
15051
15072
14991
14904
14848
14935
15060
15185
15384
15588
15834
16153
16485
16764
17012
17138
17257
17306
17207
17253
17490
18055
18995
20245
21842
23651
25580
27534
29552
31820
34032
36069
38190
40007
41600
43213
44311
45093
45534
45215
44700
44060
43014
41956
40852
39605
38530
37558
36686
36007
35534
35310
35354
35845
36887
38408
40420
43037
46142
49718
53860
58376
63163
68248
73541
78941
84224
89275
94019
98097
101505
103998
105410
105827
104927
102885
99656
95254
89819
83235
75734
67420
58424
48839
38877
28605
17984
7236
-3583
-14269
-24749
-34995
-44901
-54522
-63740
-72435
-80562
-87961
-94609
-100496
-105652
-110168
-114032
-117434
-120346
-122907
-125175
-127252
-129345
-131188
-133061
-134812
-136403
-137916
-139106
-140241
-141180
-141987
-142658
-143186
-143628
-143783
-143639
-143104
-142263
-141158
-139769
-138165
-136406
-134560
-132519
-130136
-127655
-125397
-123041
-120367
-117513
-114438
-111057
-107374
-103416
-99021
-94259
-89163
-83728
-78260
-72748
-67324
-62071
-57073
-52619
-48547
-44993
-42080
-39702
-38081
-37177
-36929
-37336
-38110
-39203
-40440
-41647
-42816
-43702
-44407
-44855
-44986
-44881
-44537
-44153
-43698
-43204
-42651
-42054
-41341
-40450
-39512
-38419
-37269
-36010
-34585
-33056
-31346
-29585
-27848
-26144
-24486
-22975
-21686
-20454
-19218
-18116
-17061
-15954
-14881
-13800
-12670
-11503
-10356
-9303
-8487
-7924
-7450
-7073
-6700
-6187
-5593
-5001
-4265
-3435
-2629
-1729
-702
488
1868
3497
5336
7338
9510
11888
14645
17702
20971
24422
28057
31805
35616
39539
43362
47053
50661
54095
57316
60444
63389
65916
68156
70237
71902
73150
74205
74795
74935
74669
74024
73137
71751
70031
68119
66000
63785
61416
59032
56731
54459
52123
49888
47801
45872
44248
42775
41439
40072
38774
37523
36130
34812
33418
31970
30664
29270
27975
26841
25729
24969
24187
23572
23260
23106
23285
23471
23877
24271
24630
24975
25143
25332
25287
25114
24756
24094
23148
21896
20408
18673
16741
14518
11995
9209
6203
3066
-105
-3142
-5960
-8551
-10866
-12976
-14962
-16710
-18170
-19347
-20247
-20851
-21143
-21132
-20765
-20083
-19117
-17885
-16389
-14581
-12569
-10333
-7795
-5080
-2163
981
4350
7954
11752
15686
19658
23612
27480
31348
35195
38982
42693
46197
49427
52311
54968
57350
59387
61108
62448
63487
64300
64922
65310
65451
65267
64674
63700
62202
60217
57813
54954
51874
48631
45194
41668
38013
34331
30640
26850
23156
19255
15486
11982
8237
4900
1702
-1412
-4047
-6535
-8782
-10872
-12916
-15033
-17219
-19532
-22134
-25020
-28157
-31597
-35312
-39242
-43475
-47663
-51913
-55967
-59741
-63352
-66572
-69741
-72270
-74456
-76141
-76978
-77387
-76853
-75727
-74025
-71644
-68815
-65477
-61654
-57313
-52739
-47944
-42879
-37753
-32497
-27192
-21802
-16395
-11135
-5870
-722
4318
9114
13634
17879
21731
25343
28586
31545
34126
36350
38364
40004
41482
42673
43523
44097
44326
44297
43907
43153
42098
40777
39172
37357
35399
33317
31243
29106
26850
24530
22146
19774
17408
15067
12858
10724
8696
6689
4620
2504
248
-2080
-4507
-7022
-9631
-12354
-15087
-17727
-20250
-22799
-25315
-27822
-30335
-32778
-35123
-37350
-39598
-41748
-43803
-45713
-47282
-48585
-49490
-49973
-50127
-49828
-49122
-48046
-46486
-44481
-41949
-38800
-35105
-30767
-25841
-20407
-14467
-8357
-2214
3775
9489
14984
20022
24675
28906
32647
36001
38944
41463
43582
45368
46778
47863
48598
48917
48727
48059
47009
45503
43825
41901
39756
37632
35341
32989
30706
28400
26034
23679
21249
18780
16173
13429
10680
7659
4502
1176
-2381
-5943
-9573
-13311
-16972
-20558
-24274
-27804
-31149
-34323
-36989
-39497
-41785
-43556
-45189
-46679
-47847
-48985
-50182
-51300
-52266
-53130
-54052
-55068
-56298
-57783
-59550
-61647
-63932
-66369
-68842
-71209
-73421
-75507
-77399
-79043
-80492
-81630
-82537
-83163
-83478
-83563
-83378
-82936
-81984
-80634
-78925
-76650
-73924
-70629
-66890
-62782
-58346
-53789
-49040
-44191
-39174
-34066
-29000
-23962
-19113
-14434
-9970
-5713
-1617
2293
6041
9601
12947
16060
18867
21323
23562
25593
27361
28982
30539
32047
33529
34943
36273
37624
38933
40183
41525
42920
44432
45965
47362
48756
50033
51279
52546
53667
54688
55598
56377
57051
57576
57954
58156
58043
57689
57084
56179
55046
53646
52002
50096
47922
45517
42917
40212
37458
34680
31869
29019
26127
23197
20280
17340
14341
11279
8202
5162
2151
-744
-3566
-6324
-8939
-11451
-13665
-15497
-17019
-18216
-19028
-19439
-19488
-18978
-18039
-16753
-15021
-12913
-10377
-7529
-4429
-1056
2625
6535
10476
14413
18206
21799
25162
28156
30761
32891
34480
35555
36143
36295
36031
35391
34342
32960
31328
29461
27457
25238
22935
20696
18452
16329
14336
12413
10683
9081
7566
6228
4993
3928
2995
2089
1253
469
-250
-945
-1593
-2171
-2816
-3493
-4119
-4746
-5249
-5720
-6197
-6545
-6961
-7404
-7874
-8456
-9141
-9854
-10505
-11196
-11707
-11996
-12158
-12040
-11758
-11323
-10697
-9980
-9169
-8280
-7374
-6490
-5570
-4522
-3267
-1802
-173
1628
3551
5646
7838
10014
12214
14401
16669
18965
21290
23669
26051
28399
30555
32605
34334
35682
36685
37165
37255
36788
35790
34329
32337
29868
26870
23452
19722
15765
11665
7551
3530
-391
-4134
-7721
-11217
-14500
-17602
-20578
-23350
-26072
-28710
-31220
-33653
-35931
-38101
-40080
-41878
-43546
-45018
-46449
-47686
-48705
-49648
-50270
-50836
-51093
-50881
-50556
-49727
-48726
-47500
-45882
-44212
-42245
-40286
-38363
-36395
-34565
-32763
-31041
-29329
-27670
-26149
-24668
-23224
-21918
-20683
-19484
-18271
-16962
-15572
-13916
-11994
-9736
-7123
-4081
-686
2991
7150
11627
16472
21579
26888
32230
37366
42437
47374
52131
56594
60676
64435
67885
71042
73923
76619
79200
81641
83918
85877
87554
88857
89851
90649
91128
91596
91982
92314
92781
93095
93348
93637
93759
93907
93960
93888
93844
93694
93536
93418
93347
93149
92846
92347
91730
90922
89718
88222
86275
84055
81441
78471
75304
71903
68348
64621
60870
57136
53411
49714
46002
42283
38590
34925
31357
27856
24459
21280
18276
15480
12944
10626
8413
6315
4399
2696
1203
-143
-1323
-2514
-3709
-4861
-6079
-7235
-8373
-9422
-10297
-11032
-11677
-12322
-12784
-13144
-13630
-14113
-14595
-15307
-16104
-17064
-18320
-19627
-21130
-22670
-24187
-25973
-27732
-29560
-31575
-33531
-35575
-37464
-39193
-40858
-42112
-43203
-44183
-44856
-45416
-45848
-46100
-46250
-46276
-46198
-46063
-45815
-45579
-45295
-44950
-44824
-44767
-44886
-45249
-45734
-46516
-47471
-48677
-50053
-51631
-53608
-55736
-58204
-60862
-63539
-66591
-69638
-72750
-76078
-79175
-82508
-85693
-88703
-91869
-94705
-97659
-100431
-103078
-105774
-107918
-109988
-111679
-112785
-113838
-114179
-113976
-113406
-112069
-110393
-108203
-105489
-102535
-99213
-95636
-91943
-88116
-84254
-80560
-76870
-73350
-70010
-66714
-63729
-60819
-58151
-55858
-53829
-52219
-50862
-49839
-49024
-48345
-47979
-47699
-47666
-47896
-48086
-48397
-48764
-48932
-49085
-49134
-49004
-48715
-48148
-47509
-46710
-45776
-44692
-43522
-42215
-40666
-39136
-37374
-35357
-33247
-30996
-28441
-25596
-22718
-19620
-16343
-13252
-9842
-6483
-3261
505
3853
7418
11263
14483
18210
21513
24472
27769
30015
32481
34540
35567
36847
37063
37083
37000
36106
35580
34647
33485
32386
30828
29488
27928
26053
24360
22537
20707
18808
16801
14835
12849
10744
8651
6605
4324
2100
-219
-2556
-4838
-7267
-9487
-11830
-13972
-16112
-18149
-19880
-21693
-23173
-24722
-26013
-27235
-28411
-29398
-30490
-31467
-32586
-33532
-34577
-35683
-36723
-37940
-39085
-40305
-41443
-42412
-43249
-43925
-44472
-44876
-45255
-45660
-46190
-46711
-47248
-47731
-48034
-48218
-48038
-47646
-46959
-46090
-45056
-43764
-42542
-41163
-39816
-38388
-36932
-35534
-34009
-32738
-31452
-30320
-29389
-28640
-28237
-27978
-28034
-28257
-28764
-29433
-30149
-31048
-31883
-32760
-33608
-34429
-35177
-35751
-36290
-36680
-37001
-37216
-37334
-37453
-37387
-37258
-36996
-36607
-36146
-35476
-34704
-33769
-32778
-31720
-30542
-29308
-27875
-26392
-24886
-23290
-21691
-20149
-18664
-17231
-15950
-14726
-13592
-12580
-11613
-10827
-10220
-9700
-9321
-9011
-8805
-8730
-8602
-8587
-8604
-8593
-8693
-8754
-8844
-8986
-9141
-9374
-9680
-10062
-10499
-11025
-11635
-12254
-12921
-13593
-14209
-14755
-15176
-15479
-15659
-15703
-15614
-15393
-14992
-14442
-13736
-12799
-11748
-10508
-9162
-7696
-5998
-4297
-2425
-551
1434
3561
5638
7964
10110
12304
14431
16304
18293
20051
21833
23429
24785
26047
26918
27601
28039
28358
28612
28763
28841
28740
28676
28621
28496
28410
28364
28455
28747
29267
30110
31354
33013
35013
37345
39960
42806
45846
49015
52219
55503
58888
62146
65433
68670
71823
74928
77795
80613
83147
85487
87760
89810
91826
93723
95551
97290
98838
100248
101583
102789
103827
104821
105566
106130
106595
106795
106881
106830
106655
106481
106226
106011
105876
105766
105710
105630
105637
105678
105783
105984
106103
106283
106509
106660
106739
106796
106762
106541
106101
105394
104420
103146
101602
99815
97759
95500
93140
90620
88033
85397
82634
79966
77321
74667
72215
69772
67256
64857
62480
60030
57557
55023
52370
49584
46696
43715
40663
37556
34421
31291
28112
24939
21854
18748
15621
12467
9340
6336
3373
506
-2273
-4902
-7362
-9720
-11841
-13773
-15521
-16999
-18182
-19057
-19625
-19845
-19722
-19354
-18795
-18123
-17387
-16539
-15619
-14618
-13554
-12485
-11457
-10494
-9493
-8429
-7315
-6169
-5013
-3893
-2815
-1752
-751
164
1010
1778
2389
2865
3259
3523
3680
3785
3825
3828
3809
3754
3710
3679
3672
3652
3671
3732
3734
3778
3767
3656
3517
3249
2950
2585
2241
1997
1553
1093
665
233
-17
-182
-421
-851
-1247
-1645
-2133
-2650
-3411
-4162
-4670
-5351
-6275
-6984
-7498
-8102
-8725
-9113
-9429
-9833
-10072
-10229
-10356
-10413
-10405
-10160
-9720
-9054
-8082
-6924
-5578
-4158
-2660
-949
852
2698
4592
6537
8568
10703
12878
15063
17220
19267
21286
23282
25244
27209
29110
30945
32686
34368
35965
37328
38687
39886
40883
41881
42673
43399
44044
44736
45507
46267
47174
48094
49074
50148
51309
52415
53493
54616
55732
56899
58087
59305
60431
61511
62571
63543
64485
65367
66146
66860
67505
67970
68348
68655
68799
68850
68798
68626
68276
67724
67064
66246
65225
64007
62539
60909
59089
56966
54617
51941
49015
45901
42566
39109
35504
31872
28215
24671
21192
17778
14490
11160
8051
5064
2125
-595
-3220
-5639
-7864
-9948
-11818
-13652
-15377
-17013
-18677
-20230
-21717
-23114
-24422
-25703
-26904
-28030
-29099
-30096
-31090
-31955
-32635
-33499
-34309
-35008
-35939
-36888
-37855
-38795
-39756
-40913
-42122
-43191
-44441
-45808
-46814
-47879
-48956
-49783
-50527
-51260
-51835
-52249
-52650
-52932
-53173
-53408
-53654
-53904
-54187
-54494
-54777
-55163
-55670
-56296
-57031
-57860
-58735
-59635
-60549
-61418
-62235
-62986
-63624
-64149
-64482
-64547
-64403
-64112
-63699
-63053
-62332
-61569
-60594
-59457
-58234
-56905
-55445
-54021
-52409
-50840
-49246
-47457
-45877
-44121
-42488
-40931
-39254
-37732
-35999
-34387
-32782
-31037
-29440
-27725
-26243
-24890
-23573
-22563
-21473
-20537
-19718
-18952
-18398
-17953
-17794
-17724
-17883
-18208
-18512
-19232
-20171
-21065
-22133
-23302
-24581
-26136
-27655
-29241
-30943
-32487
-34143
-35709
-37214
-38719
-39922
-41102
-42119
-43049
-43705
-44255
-44820
-45046
-45307
-45257
-45196
-44895
-44503
-44134
-43471
-43071
-42227
-41567
-40774
-39707
-38919
-37810
-36924
-35902
-34883
-33873
-32717
-31781
-30642
-29576
-28664
-27828
-27154
-26492
-25946
-25509
-25291
-25266
-25311
-25653
-26061
-26508
-27047
-27454
-27874
-28160
-28262
-28269
-27970
-27489
-26884
-25928
-24752
-23374
-21776
-20080
-18209
-16173
-13884
-11472
-8987
-6392
-3862
-1259
1357
3850
6266
8591
10843
12959
14916
16679
18292
19687
20586
21369
21930
22201
22440
22327
21919
21004
19815
18416
16535
14549
12269
9634
6888
3902
656
-2608
-5942
-9285
-12623
-16053
-19366
-22661
-25975
-29229
-32360
-35461
-38610
-41636
-44678
-47760
-50788
-53824
-56981
-60335
-63764
-67222
-70558
-73660
-76712
-79605
-82239
-84642
-86719
-88560
-90071
-91227
-92165
-92571
-92595
-92348
-91624
-90663
-89204
-87448
-85436
-82973
-80460
-77521
-74430
-71305
-67914
-64561
-60986
-57317
-53626
-49989
-46403
-42766
-39286
-35859
-32596
-29465
-26409
-23536
-20832
-18276
-15824
-13455
-11145
-9001
-6903
-4861
-2934
-1032
771
2488
4127
5715
7249
8724
10184
11634
13058
14444
15799
17161
18551
19982
21493
23045
24625
26199
27848
29611
31393
33227
35042
36842
38575
40128
41629
43008
44262
45367
46190
46913
47443
47766
48054
48159
48189
48084
47856
47619
47273
46944
46550
46171
45789
45321
44870
44363
43840
43229
42534
41807
40951
40054
39154
38189
37210
36265
35379
34539
33760
33082
32457
31921
31503
31184
30900
30587
30241
29911
29539
29159
28856
28528
28310
28108
27958
27980
28025
28014
27961
27984
27882
27665
27351
26939
26437
25788
25056
24149
23176
21983
20468
18771
16921
14963
12791
10409
7790
5014
2092
-1017
-4080
-7275
-10539
-13723
-16795
-19636
-22499
-25210
-27668
-29953
-31932
-33618
-35036
-36325
-37526
-38582
-39466
-40113
-40762
-41447
-41910
-42276
-42563
-42673
-42719
-42763
-42852
-42984
-43191
-43439
-43651
-43962
-44406
-45025
-45815
-46819
-48089
-49441
-51014
-52854
-54875
-57082
-59398
-61760
-63977
-66095
-68159
-70161
-72064
-73679
-75121
-76414
-77483
-78325
-78842
-78905
-78529
-77865
-76912
-75791
-74484
-72886
-71147
-69189
-66976
-64601
-62055
-59389
-56561
-53596
-50602
-47532
-44375
-41209
-38029
-34701
-31143
-27514
-23955
-20331
-16626
-12978
-9385
-5941
-2775
45
2617
5094
7436
9712
11863
13875
15818
17670
19487
21310
23175
24955
26676
28311
29865
31430
33003
34631
36164
37832
39660
41536
43682
45969
48487
51301
54264
57385
60493
63544
66598
69579
72480
75309
78234
81336
84584
87952
91323
94726
98025
101064
103988
106696
109113
111351
113369
115179
116704
117983
119113
120033
120781
121314
121620
121659
121438
121079
120499
119699
118794
117834
116936
116090
115296
114475
113546
112543
111372
110013
108430
106563
104550
102577
100477
98398
96467
94447
92522
90655
88809
87078
85448
83977
82682
81615
80768
80182
79781
79505
79340
79191
78958
78588
78161
77676
77183
76783
76586
76568
76691
76995
77331
77720
78170
78563
78869
79106
79273
79438
79629
79747
79892
79970
79949
79891
79701
79380
78867
78318
77695
76995
76382
75744
75170
74664
74202
73800
73397
72988
72568
72141
71730
71349
70972
70604
70239
69946
69677
69437
69257
69055
68931
68765
68345
67782
67068
66156
65077
63741
62181
60333
58230
55927
53252
50280
47003
43382
39462
35182
30682
26107
21403
16757
12228
7797
3583
-540
-4488
-8153
-11560
-14636
-17273
-19635
-21608
-23127
-24535
-25528
-26298
-27019
-27508
-27979
-28198
-28319
-28377
-28113
-27763
-27279
-26816
-26388
-25940
-25817
-25752
-25738
-25935
-26156
-26562
-27113
-27682
-28355
-29079
-29745
-30298
-30705
-31029
-31259
-31355
-31327
-31174
-30962
-30626
-30080
-29295
-28194
-26778
-25098
-23180
-21089
-18891
-16655
-14448
-12301
-10234
-8283
-6536
-5024
-3698
-2499
-1447
-551
72
364
328
-144
-974
-2116
-3801
-5986
-8593
-11765
-15332
-19314
-23551
-28040
-32959
-38181
-43947
-50141
-56817
-64040
-71511
-79265
-87213
-95289
-103452
-111755
-120220
-128781
-137515
-146331
-155262
-164301
-173305
-182302
-191305
-200247
-209162
-218181
-227195
-236193
-245230
-254278
-263353
-272355
-281399
-290443
-299484
-308651
-317719
-326717
-335643
-344530
-353466
-362352
-371209
-380099
-388934
-397473
-405761
-413654
-421196
-428482
-435323
-441927
-448059
-453867
-459447
-464598
-469617
-474207
-478587
-482769
-486530
-490204
-493370
-496254
-498863
-500882
-502757
-504177
-505257
-506191
-506724
-507153
-507352
-507353
-507125
-506524
-505698
-504492
-503010
-501257
-499154
-496768
-494135
-491311
-488295
-484983
-481385
-477562
-473347
-468831
-464026
-458832
-453321
-447504
-441423
-435099
-428618
-421877
-414812
-407525
-399995
-392264
-384338
-376224
-368040
-359772
-351403
-342949
-334336
-325694
-316811
-307681
-298564
-289194
-279545
-269670
-259748
-249636
-239093
-228422
-217496
-206273
-194845
-183137
-171329
-159531
-147730
-135994
-124344
-112682
-101000
-89358
-77899
-66559
-55264
-44173
-33212
-22337
-11658
-1186
9086
19166
29163
39015
48687
58206
67422
76309
84923
93388
101719
109923
118062
126036
133833
141514
149053
156417
163711
170945
178131
185228
192254
199288
206210
213128
220076
226994
234007
241045
248079
255118
262069
268988
275720
282212
288540
294490
300129
305602
310692
315457
320086
324265
328114
331780
335019
337925
340530
342639
344201
345083
345123
344508
343157
340971
338135
334624
330224
325112
319246
312468
305105
297077
288288
278893
269090
258752
247950
237053
225757
214347
202920
191137
179464
167716
155987
144468
132806
121364
109953
98572
87356
76070
65036
54176
43509
33069
22658
12352
2000
-8457
-18908
-29294
-39608
-49780
-59687
-69475
-79212
-88953
-98612
-107932
-117200
-126544
-135649
-144385
-152762
-160922
-168737
-175902
-182588
-189071
-195175
-200580
-205442
-209957
-213973
-217383
-220171
-222512
-224207
-225137
-225620
-225673
-225242
-223999
-222033
-219512
-216121
-211990
-207205
-201644
-195700
-189155
-182020
-174473
-165871
-157024
-147276
-137139
-127216
-116268
-105462
-93886
-81526
-68631
-54874
-41396
-27526
-13764
-375
13279
27058
41124
55491
69969
84402
98921
113204
127502
142283
157146
172210
187092
201689
216213
230210
243991
257558
270720
283635
296108
308273
320087
331433
342442
352983
363073
372622
381643
390235
398392
406264
413977
421631
429031
436089
442729
448916
454745
460082
465157
469957
474433
478608
482144
485244
487885
489863
491422
492608
493319
493546
493241
492159
490270
487709
484475
480582
476069
471034
465436
459242
452531
445292
437522
429248
420575
411565
402236
392698
382945
373008
362894
352625
342258
331737
321164
310702
300364
290088
279977
269983
260247
250830
241737
233169
224939
217129
209655
202499
195552
188796
182364
176029
170051
164332
158839
153594
148341
143194
138133
132969
127811
122881
118052
113367
108766
104181
99591
94805
89836
84618
79296
73977
68770
63803
58930
54237
49606
44995
40575
36204
32065
28340
24888
21787
18990
16410
14132
12063
10294
8906
7864
7272
7189
7504
8147
9125
10292
11682
13331
15246
17431
19819
22530
25507
28622
31825
35026
38226
41410
44559
47724
50865
53999
57233
60592
64109
67752
71575
75600
79714
83957
88306
92737
97257
101786
106404
111204
116164
121328
126641
132082
137681
143292
148927
154593
160213
165834
171510
177182
182837
188634
194462
200132
205784
211446
216996
222504
228009
233432
238865
244306
249659
255006
260304
265612
270943
276237
281584
286891
292223
297630
303026
308521
314179
319960
325916
332052
338281
344632
350993
357306
363598
369749
375800
381737
387617
393537
399459
405361
411237
417108
422897
428560
434064
439423
444631
449629
454416
458894
462994
466625
469840
472596
474791
476617
478000
478912
479369
479343
478982
478195
476983
475371
473229
470462
466983
462784
457807
452132
445828
438852
431312
423148
414465
405251
395476
385290
374510
363314
351550
339229
326576
313367
299895
286139
272121
257995
243631
229116
214451
199706
184874
169981
155090
140223
125482
110812
96313
81921
67564
53307
39048
24839
10649
-3574
-17786
-31944
-46118
-60335
-74581
-88992
-103638
-118515
-133550
-148733
-163912
-179026
-194028
-208853
-223551
-238039
-252392
-266566
-280639
-294483
-308100
-321540
-334532
-347325
-359768
-371841
-383610
-394956
-406042
-416636
-426794
-436500
-445617
-454261
-462304
-469811
-476835
-483311
-489313
-494819
-499835
-504334
-508336
-511887
-514854
-517335
-519342
-520807
-521815
-522407
-522572
-522312
-521702
-520611
-519272
-517624
-515467
-513004
-510331
-507421
-504149
-500763
-496941
-492916
-488565
-483585
-478593
-472897
-466871
-460612
-453500
-446195
-438287
-429900
-421438
-412305
-403162
-393803
-383886
-374047
-363805
-353479
-343139
-332499
-321880
-311154
-300243
-289280
-278325
-267288
-256337
-245431
-234606
-223984
-213536
-203372
-193411
-183665
-174226
-164973
-156037
-147442
-139175
-131344
-123812
-116651
-109803
-103279
-97026
-90964
-85228
-79745
-74612
-69900
-65534
-61572
-57901
-54425
-51238
-48200
-45363
-42676
-40008
-37483
-34934
-32428
-29985
-27500
-25208
-22980
-20750
-18660
-16588
-14613
-12641
-10674
-8817
-6987
-5251
-3544
-1965
-453
1142
2745
4499
6403
8384
10536
12742
15006
17431
19877
22299
24776
27289
29797
32391
34977
37590
40341
43091
45894
48714
51523
54329
57064
59794
62453
65020
67475
69755
71754
73312
74486
75202
75489
75448
75002
74234
73121
71625
69846
67786
65449
62923
60205
57321
54276
51044
47688
44246
40712
37056
33410
29796
26168
22533
18810
15071
11300
7403
3474
-467
-4505
-8603
-12819
-17173
-21707
-26466
-31398
-36629
-42052
-47683
-53519
-59485
-65624
-71820
-78071
-84370
-90648
-96907
-103105
-109223
-115379
-121405
-127355
-133252
-138987
-144581
-150019
-155328
-160432
-165424
-170121
-174597
-178815
-182678
-186332
-189704
-192837
-195711
-198380
-200827
-203071
-205083
-206871
-208447
-209791
-211012
-212033
-212836
-213475
-213886
-214038
-213959
-213729
-213380
-212854
-212190
-211364
-210430
-209388
-208230
-206998
-205646
-204224
-202669
-200998
-199185
-197224
-195125
-192862
-190470
-187913
-185224
-182316
-179180
-175807
-172104
-168155
-164037
-159761
-155375
-150940
-146378
-141692
-136853
-131897
-126875
-121689
-116464
-111142
-105806
-100503
-95194
-89988
-84787
-79702
-74701
-69770
-65034
-60446
-56082
-51925
-47920
-44087
-40386
-36860
-33501
-30306
-27354
-24596
-22119
-19966
-18038
-16423
-15132
-14145
-13512
-13193
-13215
-13640
-14368
-15397
-16878
-18620
-20577
-22854
-25329
-28047
-31010
-34245
-37730
-41379
-45221
-49181
-53357
-57688
-62209
-66959
-71790
-76776
-81806
-86871
-91989
-97114
-102239
-107344
-112376
-117257
-122026
-126622
-130992
-135222
-139241
-142992
-146540
-149790
-152845
-155751
-158418
-160909
-163212
-165254
-167007
-168603
-170020
-171279
-172409
-173322
-174045
-174523
-174748
-174765
-174603
-174213
-173607
-172812
-171764
-170570
-169221
-167729
-166173
-164545
-162910
-161213
-159483
-157691
-155739
-153699
-151540
-149246
-146790
-144195
-141477
-138529
-135405
-132047
-128366
-124381
-120103
-115556
-110688
-105608
-100349
-94893
-89238
-83366
-77344
-71104
-64779
-58376
-51829
-45236
-38529
-31789
-25042
-18221
-11427
-4669
2024
8607
15151
21672
28155
34561
40889
47176
53364
59479
65508
71358
77119
82783
88292
93689
98951
104068
108977
113702
118259
122591
126734
130658
134368
137879
141121
144154
147040
149681
152142
154466
156518
158442
160247
161922
163548
165003
166339
167490
168376
169013
169391
