TIMESERIES IU_PAYG_00_BHZ_M, 10360 samples, 20 sps, 2016-12-25T14:29:39.019538, SLIST, INTEGER, Counts
-176100
-176037
-175962
-175941
-175947
-175966
-175939
-175857
-175784
-175653
-175489
-175329
-175113
-174881
-174651
-174435
-174310
-174230
-174217
-174249
-174313
-174498
-174713
-174904
-175062
-175236
-175440
-175605
-175725
-175835
-176003
-176162
-176340
-176528
-176648
-176788
-176906
-176940
-176954
-176995
-177054
-177108
-177111
-177050
-176980
-176852
-176696
-176603
-176629
-176781
-176938
-177035
-177123
-177262
-177349
-177418
-177508
-177550
-177588
-177620
-177627
-177658
-177704
-177721
-177690
-177586
-177558
-177600
-177662
-177723
-177818
-177952
-178052
-178262
-178484
-178728
-179042
-179296
-179489
-179575
-179601
-179550
-179480
-179393
-179283
-179240
-179077
-178899
-178692
-178525
-178569
-178610
-178693
-178789
-178989
-179204
-179278
-179368
-179391
-179462
-179571
-179615
-179646
-179653
-179642
-179574
-179568
-179530
-179441
-179332
-179068
-178819
-178542
-178288
-178100
-177810
-177561
-177306
-177055
-176913
-176858
-176898
-176939
-177000
-177059
-177103
-177152
-177185
-177111
-176979
-176866
-176670
-176460
-176220
-176006
-175861
-175644
-175485
-175382
-175278
-175232
-175208
-175204
-175237
-175308
-175393
-175473
-175552
-175666
-175794
-175926
-176155
-176463
-176762
-177055
-177352
-177647
-177943
-178220
-178411
-178523
-178605
-178649
-178720
-178804
-178844
-178864
-178844
-178830
-178848
-178801
-178722
-178700
-178717
-178719
-178683
-178711
-178756
-178774
-178741
-178669
-178647
-178592
-178589
-178593
-178578
-178600
-178635
-178698
-178667
-178688
-178739
-178772
-178754
-178639
-178609
-178457
-178235
-178037
-177746
-177458
-177158
-176920
-176707
-176515
-176387
-176281
-176220
-176137
-176136
-176219
-176286
-176436
-176653
-176858
-176932
-176810
-176718
-176638
-176555
-176458
-176248
-176090
-175963
-175934
-175922
-175897
-175914
-175922
-176050
-176195
-176337
-176486
-176662
-176885
-177146
-177365
-177536
-177685
-177785
-177920
-178041
-178147
-178205
-178237
-178229
-178188
-178081
-177903
-177765
-177624
-177514
-177374
-177234
-177157
-177146
-177207
-177264
-177307
-177316
-177278
-177262
-177272
-177289
-177357
-177362
-177334
-177287
-177226
-177287
-177396
-177604
-177875
-178130
-178448
-178697
-178835
-178883
-178879
-178905
-178871
-178781
-178693
-178607
-178554
-178517
-178503
-178519
-178516
-178514
-178516
-178447
-178306
-178138
-178000
-177909
-177864
-177862
-177903
-178010
-178168
-178321
-178428
-178515
-178550
-178591
-178691
-178819
-178970
-179024
-178997
-178947
-178892
-178849
-178754
-178637
-178533
-178410
-178271
-178127
-177965
-177772
-177554
-177345
-177162
-176988
-176763
-176581
-176562
-176616
-176668
-176694
-176699
-176720
-176762
-176789
-176771
-176772
-176800
-176796
-176775
-176785
-176826
-176897
-177000
-177064
-177136
-177310
-177554
-177814
-178042
-178231
-178435
-178630
-178725
-178696
-178603
-178515
-178423
-178328
-178223
-178089
-177929
-177746
-177536
-177252
-176930
-176615
-176327
-176114
-175982
-175944
-175971
-176029
-176118
-176203
-176255
-176305
-176368
-176398
-176412
-176428
-176437
-176476
-176533
-176565
-176606
-176677
-176767
-176880
-176992
-177096
-177137
-177087
-177028
-177029
-177070
-177069
-177058
-177110
-177213
-177315
-177341
-177307
-177278
-177287
-177298
-177302
-177364
-177494
-177640
-177766
-177902
-178049
-178187
-178306
-178383
-178457
-178538
-178590
-178617
-178643
-178667
-178700
-178744
-178751
-178767
-178807
-178835
-178912
-178945
-178888
-178797
-178705
-178620
-178464
-178259
-178003
-177762
-177592
-177394
-177149
-176905
-176738
-176621
-176575
-176586
-176618
-176670
-176663
-176664
-176645
-176578
-176493
-176372
-176296
-176200
-176116
-176087
-176080
-176156
-176294
-176497
-176734
-177026
-177338
-177627
-177941
-178211
-178429
-178588
-178677
-178722
-178756
-178782
-178743
-178758
-178873
-179008
-179122
-179201
-179293
-179358
-179355
-179284
-179171
-179089
-179028
-178969
-178905
-178845
-178814
-178807
-178816
-178820
-178811
-178791
-178779
-178804
-178853
-178845
-178793
-178740
-178653
-178584
-178551
-178521
-178409
-178215
-178023
-177789
-177493
-177121
-176747
-176413
-176183
-176030
-175902
-175815
-175890
-176153
-176346
-176486
-176663
-176898
-177049
-177039
-176921
-176740
-176547
-176396
-176260
-176018
-175729
-175489
-175285
-175167
-175161
-175108
-175127
-175245
-175346
-175399
-175424
-175511
-175620
-175749
-175815
-175896
-176036
-176230
-176446
-176626
-176866
-177073
-177289
-177464
-177543
-177654
-177782
-177924
-178073
-178288
-178529
-178695
-178865
-178956
-178927
-178873
-178780
-178656
-178475
-178321
-178258
-178180
-178047
-177972
-177957
-177911
-177865
-177897
-177991
-178117
-178234
-178238
-178286
-178395
-178488
-178544
-178546
-178584
-178601
-178611
-178684
-178787
-178855
-178908
-179042
-179167
-179225
-179276
-179248
-179194
-179085
-178952
-178853
-178647
-178478
-178357
-178242
-178169
-178092
-178061
-178127
-178263
-178406
-178548
-178678
-178789
-178947
-179121
-179260
-179448
-179610
-179719
-179825
-179830
-179783
-179659
-179427
-179132
-178821
-178563
-178229
-177762
-177302
-176926
-176602
-176317
-176080
-175838
-175572
-175341
-175148
-175034
-175021
-175058
-175209
-175379
-175515
-175673
-175785
-175896
-175998
-176092
-176211
-176316
-176422
-176482
-176516
-176561
-176610
-176669
-176689
-176689
-176704
-176764
-176851
-176908
-176963
-177074
-177263
-177457
-177616
-177812
-178013
-178099
-178081
-177991
-177854
-177707
-177520
-177307
-177148
-177091
-177094
-177111
-177105
-177105
-177140
-177183
-177218
-177234
-177273
-177312
-177359
-177409
-177464
-177581
-177684
-177725
-177726
-177702
-177668
-177621
-177534
-177436
-177442
-177526
-177585
-177558
-177451
-177297
-177103
-176900
-176663
-176365
-176053
-175776
-175557
-175438
-175437
-175516
-175634
-175777
-175968
-176200
-176390
-176492
-176671
-176914
-177028
-177138
-177309
-177474
-177619
-177714
-177781
-177812
-177824
-177824
-177841
-177863
-177851
-177884
-177971
-178125
-178334
-178523
-178738
-178948
-179080
-179217
-179370
-179488
-179571
-179606
-179660
-179773
-179873
-179975
-180104
-180218
-180302
-180365
-180397
-180363
-180229
-180096
-180004
-179906
-179875
-179899
-179895
-179861
-179825
-179820
-179867
-179907
-179902
-179845
-179650
-179328
-178944
-178533
-178133
-177789
-177498
-177246
-177016
-176782
-176561
-176334
-176176
-176160
-176230
-176318
-176429
-176558
-176597
-176574
-176546
-176521
-176466
-176360
-176272
-176200
-176118
-175978
-175789
-175598
-175450
-175404
-175468
-175553
-175593
-175686
-175815
-175841
-175807
-175827
-175876
-175857
-175748
-175658
-175587
-175473
-175371
-175285
-175224
-175199
-175219
-175275
-175342
-175471
-175662
-175868
-176020
-176198
-176437
-176644
-176821
-176964
-177094
-177237
-177365
-177463
-177524
-177576
-177688
-177867
-178074
-178273
-178468
-178634
-178721
-178832
-178963
-179007
-178979
-178928
-178868
-178742
-178553
-178395
-178264
-178141
-178110
-178229
-178438
-178612
-178758
-178947
-179108
-179187
-179196
-179205
-179224
-179211
-179178
-179077
-178892
-178676
-178481
-178301
-178129
-177996
-177911
-177856
-177815
-177816
-177872
-177982
-178033
-177987
-178006
-178074
-178139
-178288
-178377
-178387
-178425
-178456
-178508
-178535
-178525
-178476
-178400
-178314
-178166
-177951
-177768
-177514
-177218
-177049
-176811
-176655
-176703
-176734
-176821
-177000
-177175
-177320
-177345
-177362
-177468
-177492
-177479
-177504
-177441
-177347
-177303
-177221
-177197
-177252
-177341
-177457
-177569
-177744
-177916
-178057
-178159
-178205
-178269
-178332
-178359
-178337
-178290
-178283
-178350
-178458
-178595
-178775
-178958
-179076
-179122
-179122
-179063
-178980
-178885
-178775
-178686
-178563
-178341
-178077
-177873
-177677
-177419
-177185
-176971
-176733
-176542
-176408
-176294
-176158
-176020
-175867
-175669
-175487
-175302
-175119
-174952
-174803
-174694
-174629
-174638
-174683
-174745
-174833
-174951
-175137
-175347
-175563
-175820
-176079
-176329
-176597
-176853
-177124
-177425
-177727
-178049
-178320
-178544
-178778
-178945
-179051
-179149
-179228
-179284
-179333
-179416
-179466
-179444
-179385
-179273
-179170
-179112
-179038
-178967
-178967
-179006
-179035
-179106
-179194
-179228
-179221
-179179
-179116
-179082
-179096
-179161
-179245
-179288
-179266
-179187
-179069
-178935
-178788
-178643
-178476
-178258
-178055
-177874
-177657
-177379
-177062
-176717
-176373
-176104
-175871
-175651
-175526
-175481
-175446
-175439
-175480
-175510
-175501
-175468
-175388
-175278
-175175
-175085
-175038
-175054
-175115
-175178
-175233
-175322
-175476
-175647
-175799
-175964
-176137
-176336
-176549
-176732
-176867
-176906
-176812
-176669
-176577
-176532
-176463
-176380
-176338
-176339
-176320
-176255
-176249
-176304
-176407
-176505
-176562
-176666
-176822
-177045
-177273
-177515
-177803
-178110
-178471
-178774
-179001
-179186
-179313
-179436
-179533
-179581
-179564
-179524
-179529
-179498
-179415
-179309
-179134
-178927
-178788
-178697
-178631
-178603
-178647
-178681
-178652
-178664
-178645
-178599
-178537
-178476
-178445
-178430
-178450
-178491
-178603
-178701
-178802
-178960
-179131
-179235
-179322
-179460
-179606
-179837
-180048
-180190
-180354
-180409
-180326
-180193
-180010
-179852
-179765
-179688
-179534
-179371
-179221
-178969
-178632
-178287
-177995
-177720
-177452
-177246
-177077
-176911
-176735
-176549
-176380
-176197
-176046
-175970
-175903
-175875
-175901
-175926
-175967
-176041
-176098
-176156
-176230
-176277
-176311
-176383
-176505
-176634
-176741
-176796
-176780
-176747
-176700
-176634
-176566
-176456
-176321
-176221
-176130
-175994
-175887
-175737
-175505
-175294
-175101
-174905
-174703
-174462
-174097
-173611
-173047
-172453
-171871
-171368
-170948
-170558
-170212
-169872
-169546
-169221
-168857
-168436
-167939
-167398
-166849
-166285
-165682
-165032
-164428
-163926
-163518
-163191
-162946
-162825
-162773
-162793
-162884
-162971
-163006
-162953
-162784
-162452
-161974
-161395
-160744
-160013
-159208
-158383
-157596
-156854
-156132
-155419
-154640
-153776
-152829
-151802
-150774
-149728
-148634
-147487
-146297
-145042
-143672
-142187
-140596
-138920
-137161
-135356
-133638
-132120
-130796
-129599
-128480
-127478
-126642
-125926
-125351
-124960
-124761
-124781
-125010
-125429
-125992
-126724
-127697
-128955
-130508
-132309
-134426
-136798
-139317
-141905
-144363
-146652
-148786
-150795
-152727
-154610
-156572
-158770
-161307
-164245
-167602
-171358
-175359
-179363
-183188
-186733
-190036
-193096
-195852
-198275
-200256
-201793
-202966
-203802
-204411
-204774
-204780
-204442
-203772
-202838
-201742
-200561
-199338
-198019
-196577
-195004
-193297
-191522
-189784
-188189
-186820
-185701
-184760
-183913
-183186
-182583
-182016
-181333
-180377
-179188
-177876
-176431
-174915
-173416
-172025
-170796
-169722
-168822
-168019
-167260
-166468
-165614
-164683
-163665
-162675
-161804
-161220
-160992
-161202
-162014
-163351
-165087
-167088
-169124
-170993
-172569
-173790
-174622
-175160
-175639
-176243
-177169
-178505
-180219
-182384
-184907
-187644
-190570
-193790
-197490
-201647
-206223
-211045
-215761
-220117
-223964
-227306
-230097
-232453
-234588
-236598
-238696
-240913
-243316
-245909
-248556
-251216
-253734
-256047
-258127
-259953
-261647
-263219
-264725
-266229
-267695
-269182
-270612
-271977
-273299
-274627
-275913
-276965
-277669
-277880
-277538
-276604
-275140
-273207
-270852
-268251
-265707
-263320
-260951
-258583
-256350
-254307
-252374
-250522
-248702
-246911
-245020
-242863
-240405
-237668
-234689
-231572
-228542
-225746
-223347
-221399
-219821
-218515
-217359
-216287
-215250
-214171
-213043
-211974
-211009
-210192
-209583
-209253
-209273
-209609
-210208
-211102
-212295
-213830
-215601
-217480
-219424
-221171
-222520
-223223
-223291
-222753
-221655
-220188
-218411
-216522
-214556
-212541
-210575
-208777
-207352
-206373
-205789
-205472
-205374
-205406
-205376
-205239
-204965
-204579
-204127
-203638
-203321
-203291
-203636
-204395
-205461
-206751
-208054
-209223
-210236
-211068
-211830
-212572
-213205
-213539
-213452
-212883
-211820
-210420
-208904
-207647
-206923
-206854
-207490
-208718
-210468
-212664
-215185
-217990
-221046
-224284
-227617
-231045
-234463
-237743
-240860
-243656
-245888
-247395
-248014
-247646
-246376
-244424
-242043
-239350
-236469
-233536
-230766
-228149
-225604
-223033
-220411
-217792
-215049
-212137
-208904
-205321
-201435
-197462
-193601
-189900
-186445
-183221
-180195
-177254
-174309
-171274
-168139
-164961
-161890
-159017
-156461
-154512
-153189
-152413
-152108
-152219
-152634
-153095
-153618
-154439
-155883
-158187
-161492
-165853
-171124
-177160
-183706
-190418
-196973
-203160
-208872
-214017
-218316
-221473
-223380
-223982
-223342
-221631
-219216
-216433
-213481
-210469
-207423
-204311
-201020
-197637
-194211
-190694
-187064
-183291
-179441
-175587
-171758
-167945
-164163
-160383
-156471
-152337
-147807
-142595
-136609
-129889
-122445
-114408
-105979
-97428
-89025
-80948
-73398
-66512
-60408
-55175
-50904
-47681
-45595
-44660
-44706
-45601
-47156
-49216
-51769
-54706
-57855
-61144
-64446
-67561
-70486
-73304
-76173
-79272
-82618
-86209
-89958
-93645
-96918
-99547
-101438
-102633
-103369
-103868
-104329
-104875
-105542
-106152
-106551
-106619
-106245
-105360
-103867
-101925
-99598
-96980
-94373
-92000
-90018
-88524
-87596
-87204
-87225
-87559
-88259
-89527
-91372
-93695
-96528
-99846
-103547
-107494
-111502
-115323
-118718
-121488
-123447
-124538
-124909
-124783
-124263
-123467
-122627
-122026
-121795
-121824
-121987
-122023
-121590
-120521
-118756
-116335
-113386
-110164
-107065
-104341
-102178
-100749
-100103
-100166
-100757
-101765
-103074
-104588
-106254
-107961
-109767
-111749
-113946
-116400
-119100
-122000
-124974
-127933
-130760
-133367
-135692
-137694
-139369
-140776
-142068
-143407
-144942
-146742
-148849
-151359
-154403
-157926
-161680
-165425
-168948
-172080
-174728
-176914
-178669
-179977
-180811
-181210
-181252
-180919
-180285
-179538
-178812
-178155
-177441
-176499
-175246
-173583
-171406
-168671
-165479
-162093
-158668
-155404
-152400
-149566
-146938
-144466
-142136
-139994
-138070
-136452
-135128
-134013
-133058
-132240
-131472
-130692
-129916
-129187
-128628
-128333
-128265
-128439
-128975
-129792
-130853
-132257
-134031
-136267
-138973
-142104
-145626
-149490
-153593
-157754
-161782
-165525
-168925
-171893
-174277
-176003
-177158
-177740
-177752
-177274
-176266
-174784
-172931
-170730
-168132
-165265
-162385
-159587
-156991
-154630
-152562
-150925
-149829
-149397
-149610
-150473
-151895
-153675
-155666
-157623
-159394
-160850
-161869
-162439
-162551
-162233
-161454
-160201
-158560
-156640
-154614
-152801
-151547
-151174
-151946
-153941
-157085
-161214
-166069
-171222
-176383
-181379
-185999
-190208
-194039
-197539
-200728
-203682
-206485
-209081
-211422
-213453
-215045
-216050
-216447
-216309
-215705
-214771
-213687
-212627
-211790
-211333
-211353
-211877
-212835
-214136
-215677
-217210
-218449
-219202
-219402
-219044
-218119
-216781
-215260
-213770
-212440
-211261
-210152
-209078
-208109
-207270
-206602
-206167
-205999
-206170
-206773
-207822
-209318
-211231
-213500
-216043
-218704
-221361
-223913
-226268
-228302
-229981
-231387
-232597
-233639
-234529
-235261
-235827
-236262
-236586
-236738
-236553
-235976
-234886
-233069
-230493
-227287
-223740
-220156
-216824
-213950
-211573
-209726
-208376
-207484
-207045
-206958
-207117
-207418
-207744
-207997
-208056
-207843
-207342
-206612
-205795
-205054
-204573
-204513
-204934
-205842
-207289
-209335
-211882
-214767
-217844
-220856
-223637
-226061
-228013
-229568
-230834
-231919
-232821
-233552
-234232
-234841
-235378
-235844
-236205
-236400
-236302
-235877
-235081
-233898
-232435
-230816
-229178
-227643
-226257
-225004
-223800
-222491
-220970
-219251
-217373
-215365
-213291
-211187
-209091
-206959
-204816
-202767
-200917
-199485
-198562
-198201
-198422
-199180
-200455
-202087
-203862
-205658
-207512
-209431
-211309
-213130
-214917
-216679
-218369
-219870
-221142
-222129
-222746
-223000
-222994
-222836
-222597
-222469
-222568
-222942
-223631
-224578
-225692
-226770
-227714
-228397
-228659
-228323
-227152
-225057
-222006
-218074
-213368
-208027
-202201
-196051
-189821
-183605
-177412
-171335
-165482
-159922
-154739
-150061
-146006
-142642
-140078
-138391
-137512
-137287
-137524
-138103
-138897
-139783
-140683
-141615
-142717
-143962
-145117
-145943
-146330
-146207
-145454
-144118
-142386
-140381
-138219
-136015
-133851
-131891
-130329
-129320
-128966
-129251
-130060
-131203
-132455
-133689
-134759
-135561
-136147
-136464
-136584
-136620
-136628
-136660
-136675
-136695
-136711
-136745
-136877
-137215
-137816
-138713
-139960
-141543
-143454
-145568
-147754
-149894
-151940
-153860
-155681
-157500
-159142
-160523
-161591
-162449
-163148
-163658
-164143
-164475
-164781
-165160
-165590
-166073
-166360
-166597
-166933
-167305
-167627
-167774
-167825
-167878
-167938
-168074
-168305
-168587
-168861
-169020
-169110
-169017
-168658
-168189
-167637
-167116
-166612
-166072
-165570
-165129
-164764
-164448
-164224
-164039
-163893
-163908
-164105
-164442
-164770
-164932
-164854
-164479
-163767
-162874
-161831
-160606
-159300
-157898
-156404
-154797
-153163
-151584
-150127
-149013
-148366
-148222
-148608
-149584
-151185
-153334
-155911
-158704
-161527
-164302
-166957
-169428
-171621
-173629
-175494
-177082
-178282
-179009
-179328
-179293
-178953
-178368
-177647
-176886
-175992
-174919
-173677
-172271
-170731
-169185
-167736
-166444
-165454
-164831
-164592
-164727
-165209
-165937
-166797
-167758
-168877
-170173
-171551
-173041
-174629
-176287
-178037
-179871
-181788
-183733
-185680
-187646
-189719
-191931
-194214
-196541
-198870
-201023
-202767
-203894
-204282
-203973
-202991
-201372
-199164
-196487
-193613
-190792
-188145
-185736
-183684
-182085
-180955
-180301
-180154
-180490
-181269
-182442
-183905
-185512
-187086
-188558
-189887
-190973
-191771
-192252
-192334
-191947
-191127
-189959
-188507
-186806
-184921
-182968
-181050
-179351
-178068
-177276
-176977
-177181
-177893
-179013
-180451
-182152
-183965
-185781
-187563
-189205
-190506
-191278
-191395
-190717
-189192
-186906
-184103
-181002
-177700
-174462
-171508
-168912
-166752
-165122
-164145
-163750
-163810
-164284
-165123
-166223
-167458
-168798
-170180
-171591
-173090
-174630
-176130
-177480
-178653
-179733
-180699
-181473
-182113
-182685
-183217
-183772
-184410
-185197
-186226
-187652
-189500
-191670
-194047
-196510
-199054
-201707
-204509
-207496
-210597
-213749
-216897
-219885
-222505
-224632
-226224
-227285
-227869
-227998
-227675
-226879
-225632
-223990
-222037
-220042
-218221
-216672
-215455
-214530
-213740
-212946
-212137
-211231
-210151
-208946
-207726
-206549
-205350
-204042
-202616
-200957
-199023
-196944
-194650
-192159
-189589
-187012
-184382
-181669
-178927
-176002
-172857
-169582
-166261
-162911
-159561
-156292
-153101
-150075
-147225
-144565
-142154
-139952
-137961
-136222
-134815
-133806
-133179
-132869
-132889
-133193
-133593
-134005
-134416
-134867
-135524
-136495
-137801
-139541
-141757
-144355
-147170
-150145
-153308
-156518
-159681
-162789
-165757
-168499
-171050
-173512
-175861
-178066
-180257
-182567
-185016
-187593
-190262
-192988
-195707
-198284
-200619
-202671
-204326
-205443
-206062
-206325
-206358
-206232
-205908
-205412
-204830
-204184
-203405
-202459
-201496
-200698
-200119
-199752
-199667
-199899
-200466
-201376
-202602
-204192
-206147
-208334
-210582
-212754
-214642
-216026
-216742
-216748
-216167
-215071
-213508
-211555
-209355
-207096
-204800
-202495
-200286
-198245
-196471
-194981
-193764
-192763
-191879
-191009
-190066
-189119
-188111
-186888
-185389
-183513
-181213
-178481
-175321
-171766
-167877
-163759
-159512
-155239
-150986
-146882
-143016
-139360
-135958
-132923
-130446
-128574
-127264
-126641
-126854
-127857
-129456
-131578
-134219
-137245
-140429
-143585
-146634
-149428
-151844
-153784
-155113
-155819
-155941
-155595
-154856
-153821
-152674
-151545
-150488
-149538
-148727
-148034
-147417
-146840
-146305
-145808
-145344
-144933
-144711
-144707
-144802
-144989
-145266
-145671
-146270
-147012
-147945
-149152
-150683
-152636
-154922
-157438
-160056
-162617
-165019
-167226
-169357
-171465
-173683
-176109
-178682
-181299
-183888
-186422
-188813
-191035
-193095
-194951
-196518
-197737
-198619
-199155
-199269
-198924
-198188
-197133
-195827
-194370
-192847
-191395
-190095
-188928
-187853
-186721
-185583
-184391
-183029
-181561
-179990
-178456
-176888
-175319
-173881
-172586
-171548
-170663
-169970
-169381
-168809
-168411
-168184
-168041
-167851
-167659
-167540
-167436
-167320
-167238
-167154
-167160
-167372
-167820
-168604
-169748
-171275
-173143
-175256
-177618
-180169
-182701
-185120
-187430
-189599
-191531
-193146
-194501
-195606
-196419
-196940
-197202
-197323
-197228
-196835
-196221
-195484
-194730
-193897
-193054
-192240
-191493
-190954
-190681
-190714
-191051
-191743
-192783
-194140
-195668
-197260
-198826
-200269
-201538
-202499
-203137
-203389
-203278
-202893
-202183
-201172
-200027
-198865
-197710
-196589
-195518
-194622
-193940
-193389
-192897
-192466
-192081
-191709
-191490
-191439
-191495
-191664
-191929
-192267
-192691
-193202
-193759
-194468
-195278
-196160
-197159
-198306
-199642
-201038
-202512
-204012
-205487
-206907
-208225
-209391
-210278
-210957
-211381
-211486
-211314
-210943
-210414
-209600
-208510
-207174
-205575
-203712
-201552
-199114
-196345
-193210
-189706
-185820
-181573
-177039
-172325
-167506
-162817
-158486
-154610
-151274
-148582
-146565
-145167
-144364
-144091
-144268
-144776
-145469
-146283
-147200
-148145
-149042
-149912
-150774
-151652
-152537
-153441
-154411
-155416
-156448
-157526
-158676
-159824
-160914
-162028
-163213
-164461
-165748
-167145
-168709
-170386
-172105
-173756
-175264
-176617
-177812
-178869
-179876
-180920
-181998
-183084
-184178
-185205
-186059
-186686
-187064
-187198
-187095
-186775
-186254
-185550
-184713
-183808
-182892
-182030
-181246
-180524
-179878
-179305
-178789
-178351
-177988
-177633
-177228
-176804
-176412
-176058
-175753
-175535
-175454
-175483
-175570
-175745
-175965
-176149
-176235
-176155
-175878
-175383
-174626
-173579
-172345
-170998
-169532
-167992
-166401
-164768
-163153
-161614
-160153
-158820
-157673
-156827
-156352
-156277
-156618
-157318
-158340
-159567
-160949
-162454
-164008
-165604
-167185
-168689
-170079
-171341
-172488
-173597
-174712
-175920
-177275
-178752
-180360
-182038
-183774
-185582
-187438
-189329
-191224
-193053
-194811
-196454
-197860
-198963
-199773
-200362
-200757
-200929
-200772
-200301
-199592
-198702
-197712
-196652
-195727
-195093
-194692
-194489
-194494
-194600
-194727
-194871
-194958
-194962
-194805
-194417
-193744
-192816
-191771
-190639
-189380
-187905
-186245
-184469
-182610
-180693
-178660
-176507
-174259
-171978
-169730
-167525
-165388
-163336
-161396
-159600
-157973
-156493
-155126
-153883
-152789
-151822
-150991
-150273
-149649
-149158
-148758
-148450
-148251
-148105
-148028
-147988
-147957
-148002
-148090
-148245
-148574
-149157
-150054
-151239
-152684
-154387
-156305
-158371
-160521
-162717
-164899
-167032
-169122
-171206
-173309
-175441
-177646
-179891
-182184
-184506
-186811
-189110
-191323
-193366
-195180
-196667
-197772
-198476
-198816
-198811
-198496
-197975
-197277
-196430
-195453
-194295
-192894
-191269
-189423
-187343
-185060
-182591
-180045
-177486
-174900
-172294
-169669
-167096
-164599
-162126
-159681
-157263
-154906
-152677
-150606
-148686
-146853
-145084
-143406
-141806
-140293
-138874
-137508
-136246
-135165
-134277
-133599
-133141
-132891
-132840
-133041
-133564
-134438
-135636
-137174
-139025
-141137
-143488
-145991
-148602
-151296
-154076
-156940
-159882
-162899
-165967
-169021
-171974
-174750
-177317
-179688
-181831
-183794
-185581
-187183
-188665
-190058
-191355
-192504
-193545
-194509
-195327
-196061
-196676
-197055
-197201
-197047
-196604
-195886
-194874
-193616
-192169
-190598
-188953
-187306
-185674
-184006
-182297
-180572
-178814
-177079
-175439
-173861
-172365
-170971
-169647
-168407
-167331
-166459
-165771
-165274
-164955
-164808
-164824
-164911
-165008
-165065
-165059
-165019
-164959
-164959
-165024
-165163
-165425
-165793
-166260
-166760
-167272
-167811
-168369
-168886
-169334
-169725
-170063
-170428
-170830
-171315
-171985
-172844
-173857
-174959
-176072
-177156
-178250
-179411
-180597
-181772
-182982
-184216
-185437
-186591
-187587
-188390
-189005
-189475
-189852
-190226
-190686
-191199
-191746
-192282
-192721
-192964
-192983
-192730
-192119
-191254
-190126
-188697
-187020
-185118
-183134
-181185
-179339
-177629
-176060
-174715
-173623
-172768
-172210
-171963
-171909
-171970
-172111
-172345
-172671
-173063
-173527
-174044
-174676
-175478
-176452
-177598
-178833
-180111
-181432
-182816
-184267
-185730
-187184
-188620
-190041
-191433
-192750
-193979
-195132
-196226
-197294
-198349
-199403
-200514
-201666
-202835
-203967
-204989
-205869
-206542
-206931
-206971
-206619
-205841
-204782
-203582
-202294
-200997
-199718
-198482
-197282
-196168
-195124
-194079
-193052
-191948
-190678
-189235
-187655
-185980
-184182
-182273
-180311
-178379
-176508
-174722
-173020
-171357
-169748
-168223
-166796
-165484
-164345
-163389
-162643
-162135
-161787
-161543
-161402
-161352
-161378
-161479
-161593
-161671
-161803
-162051
-162441
-162944
-163523
-164313
-165368
-166588
-167895
-169287
-170738
-172180
-173584
-174874
-176022
-177007
-177828
-178505
-179064
-179542
-179897
-180175
-180438
-180678
-180842
-180891
-180869
-180839
-180866
-180990
-181286
-181774
-182395
-183131
-183942
-184758
-185534
-186320
-187089
-187797
-188521
-189266
-190006
-190734
-191409
-192020
-192582
-193042
-193361
-193557
-193617
-193619
-193624
-193583
-193514
-193482
-193462
-193366
-193166
-192839
-192415
-191919
-191254
-190404
-189367
-188222
-187099
-186021
-185102
-184468
-184151
-184055
-184056
-184161
-184365
-184636
-184901
-185055
-185064
-184931
-184590
-184011
-183281
-182497
-181741
-181048
-180414
-179843
-179363
-178935
-178479
-177991
-177485
-176983
-176497
-175996
-175478
-174962
-174429
-173861
-173184
-172362
-171387
-170244
-169031
-167798
-166550
-165323
-164111
-162958
-161909
-160923
-159976
-159106
-158364
-157780
-157368
-157173
-157283
-157722
-158522
-159724
-161279
-163192
-165381
-167700
-170025
-172180
-174116
-175831
-177324
-178587
-179595
-180404
-181069
-181591
-181922
-182098
-182211
-182311
-182409
-182480
-182529
-182544
-182518
-182447
-182337
-182224
-182098
-181935
-181669
-181280
-180845
-180389
-179901
-179356
-178831
-178437
-178142
-177938
-177802
-177705
-177634
-177550
-177475
-177386
-177278
-177186
-177137
-177166
-177260
-177413
-177595
-177811
-178066
-178303
-178545
-178788
-178972
-179097
-179182
-179190
-179150
-179124
-179146
-179204
-179233
-179223
-179156
-179033
-178799
-178407
-177828
-177052
-176116
-175070
-173950
-172745
-171522
-170303
-169037
-167751
-166529
-165436
-164494
-163635
-162817
-162051
-161313
-160584
-159930
-159452
-159125
-158910
-158772
-158696
-158657
-158541
-158253
-157793
-157217
-156531
-155790
-155064
-154395
-153830
-153336
-152889
-152488
-152152
-151954
-151966
-152218
-152754
-153630
-154888
-156479
-158275
-160210
-162189
-164126
-165991
-167751
-169383
-170833
-172111
-173273
-174319
-175289
-176212
-177046
-177759
-178293
-178641
-178850
-178938
-178988
-179088
-179267
-179532
-179853
-180202
-180514
-180724
-180843
-180858
-180822
-180822
-180892
-181014
-181139
-181297
-181476
-181656
-181822
-181947
-182072
-182252
-182523
-182852
-183177
-183439
-183605
-183625
-183452
-183102
-182550
-181820
-180956
-179964
-178870
-177658
-176322
-174914
-173530
-172215
-170949
-169713
-168463
-167128
-165730
-164381
-163089
-161881
-160869
-160051
-159370
-158726
-158128
-157680
-157426
-157388
-157604
-158103
-158763
-159546
-160514
-161666
-162987
-164452
-166085
-167896
-169895
-172069
-174416
-176904
-179442
-181956
-184424
-186823
-189082
-191177
-193128
-195003
-196878
-198752
-200587
-202420
-204291
-206144
-207957
-209738
-211479
-213163
-214789
-216360
-217836
-219114
-220124
-220809
-221069
-220936
-220534
-219921
-219098
-218103
-216981
-215696
-214222
-212547
-210698
-208745
-206754
-204761
-202779
-200823
-198931
-197171
-195532
-193993
-192554
-191240
-190116
-189155
-188332
-187635
-187073
-186742
-186635
-186685
-186904
-187320
-187931
-188637
-189349
-190044
-190729
-191457
-192248
-193137
-194160
-195294
-196473
-197626
-198730
-199744
-200673
-201592
-202489
-203310
-204024
-204632
-205135
-205549
-205967
-206447
-207061
-207798
-208595
-209457
-210238
-210918
-211532
-212041
-212504
-212922
-213318
-213651
-213819
-213778
-213458
-212874
-212002
-210859
-209485
-207900
-206173
-204274
-202241
-200106
-197870
-195557
-193182
-190815
-188408
-186058
-183912
-181934
-180184
-178722
-177528
-176525
-175667
-174911
-174217
-173610
-173099
-172733
-172474
-172328
-172301
-172341
-172546
-172884
-173322
-173906
-174532
-175186
-175950
-176817
-177757
-178785
-179924
-181186
-182552
-183948
-185315
-186639
-187868
-188985
-189991
-190931
-191846
-192618
-193243
-193802
-194282
-194757
-195307
-195883
-196499
-197179
-197911
-198702
-199467
-200144
-200706
-201118
-201432
-201608
-201574
-201353
-200915
-200269
-199505
-198701
-197977
-197381
-196867
-196388
-195910
-195480
-195066
-194608
-194167
-193719
-193210
-192656
-192053
-191378
-190628
-189893
-189209
-188616
-188147
-187786
-187536
-187363
-187268
-187186
-187107
-187089
-187085
-187084
-187116
-187156
-187190
-187190
-187061
-186768
-186296
-185662
-184949
-184133
-183240
-182360
-181544
-180844
-180195
-179624
-179139
-178680
-178360
-178121
-177907
-177712
-177549
-177442
-177293
-177104
-176927
-176803
-176714
-176674
-176793
-177130
-177675
-178387
-179272
-180256
-181270
-182256
-183089
-183757
-184226
-184451
-184483
-184408
-184183
-183828
-183351
-182665
-181838
-180834
-179690
-178488
-177248
-176040
-174899
-173865
-172929
-172069
-171320
-170774
-170414
-170222
-170176
-170213
-170319
-170490
-170741
-171046
-171330
-171562
-171756
-171893
-171918
-171770
-171515
-171179
-170793
-170514
-170358
-170298
-170380
-170625
-171014
-171538
-172207
-173014
-173921
-174866
-175754
-176535
-177154
-177520
-177572
-177353
-176876
-176088
-175002
-173613
-171974
-170166
-168227
-166161
-163969
-161720
-159446
-157178
-155032
-153023
-151183
-149630
-148448
-147653
-147221
-147124
-147312
-147761
-148427
-149321
-150473
-151906
-153666
-155715
-157971
-160352
-162773
-165173
-167510
-169671
-171620
-173335
-174772
-176012
-177084
-177981
-178758
-179459
-180136
-180746
-181273
-181774
-182263
-182779
-183272
-183678
-184030
-184357
-184667
-184978
-185307
-185641
-185967
-186279
-186690
-187230
-187833
-188547
-189242
-189795
-190211
-190446
-190497
-190354
-189970
-189369
-188658
-187925
-187151
-186229
-185084
-183716
-182089
-180203
-178132
-175958
-173781
-171639
-169526
-167467
-165499
-163658
-161981
-160523
-159344
-158425
-157795
-157444
-157296
-157335
-157495
-157774
-158163
-158626
-159122
-159624
-160110
-160561
-161019
-161359
-161573
-161746
-161868
-161979
-162046
-162071
-162056
-161939
-161708
-161347
-160836
-160150
-159242
-158071
-156642
-154929
-152969
-150810
-148491
-146063
-143518
-140986
-138586
-136403
-134410
-132570
-130945
-129470
-128151
-126997
-125966
-125144
-124629
-124438
-124556
-124927
-125527
-126318
-127234
-128290
-129431
-130629
-131897
-133235
-134695
-136254
-137864
-139483
-141089
-142674
-144185
-145692
-147227
-148763
-150344
-151936
-153574
-155299
-157086
-158928
-160770
-162578
-164277
-165816
-167282
-168695
-170008
-171202
-172228
-173043
-173669
-174140
-174435
-174511
-174387
-174087
-173714
-173324
-172929
-172573
-172208
-171815
-171434
-171081
-170757
-170506
-170387
-170429
-170658
-171093
-171732
-172500
-173338
-174228
-175133
-176016
-176860
-177646
-178393
-179125
-179747
-180180
-180432
-180535
-180500
-180315
-180030
-179725
-179458
-179272
-179181
-179227
-179445
-179764
-180093
-180382
-180610
-180800
-180932
-180950
-180821
-180555
-180137
-179538
-178805
-177982
-177124
-176225
-175251
-174229
-173114
-171856
-170475
-168970
-167361
-165656
-163867
-162037
-160174
-158340
-156572
-154837
-153136
-151496
-149918
-148362
-146796
-145213
-143656
-142138
-140641
-139218
-137899
-136713
-135704
-134869
-134251
-133869
-133706
-133769
-134081
-134678
-135572
-136714
-138049
-139597
-141336
-143220
-145241
-147331
-149460
-151652
-153891
-156125
-158310
-160402
-162366
-164211
-165920
-167485
-168923
-170214
-171362
-172397
-173336
-174202
-175047
-175894
-176664
-177284
-177733
-178004
-178048
-177842
-177392
-176671
-175702
-174475
-172981
-171262
-169385
-167542
-165825
-164193
-162691
-161357
-160210
-159298
-158575
-157990
-157554
-157247
-157037
-156923
-156921
-157047
-157328
-157842
-158608
-159605
-160870
-162401
-164259
-166496
-169054
-171820
-174711
-177713
-180783
-183858
-186901
-189929
-192958
-195953
-198892
-201743
-204456
-206969
-209252
-211349
-213302
-214999
-216292
-217179
-217696
-217901
-217856
-217596
-217185
-216672
-216080
-215439
-214774
-214056
-213285
-212509
-211738
-210942
-210096
-209223
-208312
-207343
-206317
-205163
-203852
-202413
-200860
-199174
-197392
-195650
-194003
-192514
-191258
-190199
-189303
-188548
-187881
-187232
-186573
-185938
-185348
-184800
-184265
-183711
-183201
-182804
-182547
-182492
-182637
-182950
-183433
-184050
-184730
-185420
-186134
-186849
-187504
-188074
-188558
-189002
-189462
-189932
-190387
-190837
-191276
-191689
-192091
-192496
-192859
-193152
-193339
-193397
-193385
-193287
-193054
-192668
-192101
-191361
-190431
-189313
-188094
-186869
-185731
-184697
-183714
-182794
-181909
-181003
-180096
-179152
-178103
-176940
-175713
-174464
-173190
-171995
-170941
-170004
-169206
-168524
-167916
-167376
-166938
-166586
-166312
-166149
-166051
-165969
-165906
-165885
-165912
-166001
-166204
-166556
-167077
-167773
-168613
-169615
-170817
-172212
-173821
-175615
-177528
-179518
-181533
-183484
-185278
-186882
-188284
-189475
-190479
-191299
-191970
-192591
-193188
-193786
-194442
-195134
-195816
-196410
-196913
-197322
-197550
-197563
-197341
-196922
-196337
-195585
-194686
-193605
-192362
-190937
-189317
-187572
-185735
-183831
-181887
-179960
-178069
-176248
-174601
-173197
-172014
-171020
-170286
-169838
-169635
-169667
-169918
-170356
-170934
-171641
-172498
-173486
-174572
-175768
-177066
-178405
-179738
-181045
-182358
-183672
-185013
-186397
-187741
-189011
-190189
-191270
-192183
-192806
-193055
-192904
-192407
-191583
-190472
-189151
-187657
-186002
-184266
-182497
-180651
-178757
-176843
-174891
-172892
-170850
-168779
-166710
-164654
-162595
-160562
-158585
-156667
-154816
-153047
-151379
-149813
-148282
-146791
-145444
-144282
-143308
-142502
-141914
-141622
-141615
-141901
-142452
-143226
-144179
-145288
-146517
-147787
-149097
-150403
-151750
-153172
-154645
-156257
-157994
-159882
-161909
-164027
-166221
-168395
-170521
-172569
-174507
-176362
-178156
-179925
-181669
-183352
-184958
-186461
-187861
-189174
-190389
-191515
-192523
-193373
-194078
-194667
-195162
-195546
-195833
-196039
-196190
-196291
-196284
-196157
-195928
-195638
-195349
-195076
-194786
-194495
-194196
-193862
-193549
-193285
-193093
-192968
-192873
-192792
-192667
-192465
-192162
-191709
-191078
-190305
-189436
-188480
-187488
-186494
-185568
-184779
-184147
-183678
-183388
-183343
-183538
-183913
-184412
-185007
-185665
-186318
-186942
-187563
-188167
-188716
-189218
-189685
-190107
-190457
-190689
-190779
-190735
-190580
-190282
-189816
-189245
-188613
-187890
-187043
-186085
-185040
-183918
-182750
-181659
-180694
-179812
-179062
-178462
-178010
-177709
-177568
-177623
-177868
-178235
-178644
-179117
-179662
-180195
-180678
-181087
-181423
-181687
-181874
-182050
-182189
-182201
-182079
-181824
-181439
-180980
-180529
-180176
-179999
-180013
-180174
-180410
-180642
-180824
-180913
-180877
-180691
-180310
-179706
-178877
-177866
-176767
-175577
-174296
-172967
-171556
-170069
-168514
-166875
-165184
-163514
-161981
-160651
-159558
-158748
-158271
-158132
-158275
-158617
-159087
-159683
-160400
-161226
-162174
-163194
-164244
-165344
-166499
-167772
-169190
-170698
-172277
-173900
-175516
-177111
-178703
-180281
-181862
-183450
-185030
-186627
-188232
-189847
-191421
-192848
-194078
-195162
-196183
-197200
-198219
-199133
-199887
-200508
-200966
-201257
-201428
-201512
-201515
-201442
-201276
-200991
-200624
-200223
-199817
-199407
-198983
-198549
-198087
-197571
-197026
-196452
-195830
-195178
-194483
-193727
-192919
-192002
-190952
-189788
-188452
-186974
-185412
-183776
-182144
-180535
-178943
-177341
-175740
-174191
-172599
-170912
-169207
-167564
-166009
-164531
-163164
-161944
-160877
-159998
-159356
-158939
-158734
-158778
-159045
-159518
-160230
-161149
-162225
-163413
-164667
-165942
-167185
-168398
-169603
-170845
-172195
-173635
-175103
-176549
-177899
-179093
-180161
-181177
-182187
-183221
-184299
-185355
-186383
-187460
-188593
-189733
-190921
-192213
-193565
-195020
-196595
-198299
-200141
-201963
-203709
-205404
-207035
-208549
-209925
-211145
-212154
-212984
-213632
-214064
-214241
-214195
-213986
-213574
-213021
-212379
-211654
-210813
-209881
-208899
-207774
-206462
-204973
-203338
-201535
-199538
-197377
-195025
-192455
-189752
-187004
-184231
-181504
-178858
-176328
-173978
-171810
-169898
-168233
-166767
-165543
-164532
-163692
-163008
-162442
-161994
-161644
-161361
-161151
-161039
-161032
-161120
-161263
-161422
-161582
-161734
-161933
-162150
-162339
-162575
-162871
-163232
-163638
-164098
-164636
-165214
-165830
-166451
-167065
-167666
-168232
-168744
-169202
-169607
-169897
-170078
-170161
-170120
-169927
-169581
-169136
-168612
-168024
-167365
-166635
-165858
-165008
-164118
-163267
-162461
-161696
-160979
-160309
-159679
-159071
-158510
-158005
-157522
-157067
-156669
-156304
-155932
-155543
-155108
-154639
-154139
-153609
-153059
-152443
-151740
-150961
-150126
-149245
-148374
-147529
-146708
-145936
-145210
-144526
-143894
-143367
-142985
-142743
-142636
-142681
-142862
-143098
-143356
-143672
-144065
-144567
-145160
-145806
-146479
-147179
-147921
-148701
-149544
-150483
-151513
-152570
-153633
-154742
-155852
-156911
-157907
-158840
-159722
-160512
-161180
-161711
-162100
-162359
-162491
-162553
-162613
-162720
-162934
-163290
-163782
-164411
-165161
-166008
-166953
-168051
-169315
-170729
-172285
-173978
-175825
-177774
-179768
-181709
-183560
-185354
-187026
-188580
-190036
-191382
-192639
-193825
-194956
-196089
-197170
-198127
-198992
-199754
-200396
-200913
-201292
-201540
-201675
-201658
-201452
-201073
-200543
-199911
-199171
-198259
-197142
-195817
-194338
-192740
-190975
-189073
-187090
-185030
-182936
-180875
-178863
-176902
-175029
-173230
-171479
-169782
-168170
-166638
-165184
-163907
-162830
-161924
-161216
-160664
-160199
-159798
-159441
-159084
-158705
-158353
-158109
-157979
-157915
-157982
-158270
-158804
-159591
-160581
-161782
-163177
-164720
-166412
-168236
-170216
-172293
-174412
-176565
-178696
-180791
-182814
-184742
-186609
-188419
-190145
-191797
-193420
-195039
-196673
-198326
-200028
-201733
-203350
-204871
-206291
-207582
-208715
-209681
-210449
-211015
-211454
-211781
-211962
-211996
-211936
-211814
-211613
-211282
-210788
-210143
-209375
-208493
-207517
-206479
-205325
-204090
-202836
-201565
-200278
-198971
-197681
-196349
-194931
-193413
-191780
-190064
-188210
-186229
-184221
-182172
-180019
-177792
-175562
-173340
-171172
-169116
-167118
-165168
-163320
-161536
-159820
-158192
-156653
-155182
-153735
-152322
-150933
-149591
-148369
-147328
-146504
-145851
-145361
-145096
-145056
-145222
-145598
-146145
-146831
-147591
-148371
-149207
-150110
-151057
-152065
-153113
-154218
-155442
-156755
-158151
-159614
-161061
-162442
-163790
-165145
-166457
-167706
-168909
-170058
-171125
-172064
-172903
-173685
-174455
-175250
-176057
-176896
-177775
-178690
-179660
-180696
-181812
-182982
-184153
-185207
-186067
-186786
-187419
-187977
-188438
-188845
-189234
-189613
-190007
-190379
-190741
-191153
-191684
-192393
-193311
-194418
-195672
-197094
-198613
-200152
-201675
-203149
-204580
-205956
-207273
-208495
-209564
-210500
-211311
-211973
-212474
-212794
-212937
-212885
-212664
-212325
-211908
-211482
-211000
-210438
-209835
-209212
-208622
-208083
-207610
-207209
-206854
-206478
-206050
-205625
-205211
-204790
-204344
-203885
-203461
-203100
-202818
-202621
-202486
-202375
-202311
-202289
-202311
-202357
-202350
-202367
-202443
-202568
-202781
-203066
-203389
-203703
-204010
-204288
-204556
-204820
-205086
-205400
-205719
-206055
-206386
-206670
-206910
-207124
-207318
-207498
-207715
-207952
-208205
-208444
-208659
-208859
-208994
-209071
-209083
-209005
-208786
-208413
-207900
-207237
-206427
-205478
-204456
-203342
-202103
-200762
-199296
-197711
-196048
-194333
-192513
-190617
-188676
-186676
-184632
-182501
-180321
-178150
-176014
-173886
-171730
-169545
-167318
-165071
-162793
-160506
-158199
-155859
-153522
-151198
-148966
-146848
-144820
-142904
-141111
-139474
-138008
-136727
-135650
-134782
-134153
-133749
-133543
-133560
-133782
-134135
-134529
-134928
-135336
-135736
-136107
-136454
-136775
-137069
-137367
-137716
-138148
-138652
-139245
-139965
-140785
-141644
-142534
-143421
-144326
-145287
-146301
-147381
-148473
-149596
-150790
-151979
-153118
-154224
-155277
-156308
-157390
-158496
-159611
-160691
-161766
-162845
-163890
-164888
-165785
-166676
-167550
-168377
-169247
-170196
-171185
-172188
-173241
-174343
-175520
-176747
-177989
-179257
-180550
-181832
-183059
-184215
-185313
-186285
-187115
-187870
-188492
-188971
-189315
-189483
-189511
-189432
-189234
-188938
-188599
-188237
-187812
-187343
-186831
-186285
-185737
-185128
-184446
-183749
-183123
-182566
-182025
-181511
-181007
-180494
-179968
-179479
-179022
-178578
-178179
-177898
-177805
-177870
-178144
-178615
-179227
-180016
-180894
-181763
-182615
-183460
-184249
-184984
-185708
-186361
-186958
-187528
-188065
-188557
-188960
-189307
-189622
-189925
-190265
-190653
-191074
-191484
-191876
-192275
-192692
-193112
-193539
-193940
-194257
-194520
-194759
-194980
-195090
-195020
-194820
-194498
-194047
-193472
-192821
-192119
-191313
-190362
-189243
-187983
-186590
-185005
-183232
-181307
-179270
-177162
-175029
-172852
-170665
-168598
-166656
-164815
-163084
-161482
-160017
-158741
-157695
-156845
-156210
-155816
-155680
-155814
-156218
-156840
-157596
-158510
-159605
-160830
-162154
-163567
-165036
-166515
-168005
-169504
-171026
-172591
-174178
-175709
-177166
-178613
-180021
-181317
-182451
-183445
-184332
-185140
-185907
-186610
-187200
-187635
-187887
-187928
-187776
-187446
-186906
-186172
-185272
-184253
-183187
-182074
-180940
-179881
-178872
-177799
-176603
-175344
-174072
-172752
-171429
-170142
-168858
-167554
-166234
-164901
-163570
-162277
-161045
-159882
-158778
-157733
-156757
-155910
-155166
-154420
-153666
-152916
-152219
-151635
-151171
-150819
-150564
-150421
-150393
-150479
-150692
-151005
-151390
-151840
-152334
-152846
-153389
-153978
-154553
-155110
-155706
-156390
-157184
-158045
-158930
-159770
-160524
-161199
-161782
-162315
-162796
-163173
-163400
-163485
-163480
-163402
-163277
-163098
-162881
-162689
-162516
-162309
-162045
-161775
-161534
-161285
-161049
-160852
-160650
-160422
-160177
-159947
-159753
-159600
-159511
-159465
-159465
-159537
-159706
-159998
-160377
-160844
-161377
-161945
-162608
-163383
-164268
-165234
-166287
-167467
-168744
-170046
-171274
-172401
-173454
-174482
-175515
-176566
-177651
-178755
-179875
-180986
-182118
-183310
-184503
-185646
-186717
-187786
-188873
-189926
-190914
-191809
-192695
-193611
-194497
-195281
-195933
-196469
-196803
-196919
-196927
-196818
-196548
-196159
-195727
-195271
-194810
-194318
-193771
-193171
-192505
-191804
-191065
-190221
-189290
-188380
-187488
-186613
-185789
-185000
-184241
-183489
-182741
-181963
-181167
-180417
-179772
-179272
-178894
-178639
-178510
-178467
-178503
-178619
-178774
-178941
-179107
-179239
-179287
-179263
-179211
-179113
-178991
-178894
-178881
-178964
-179089
-179224
-179335
-179411
-179470
-179536
-179623
-179708
-179784
-179851
-179905
-179957
-180035
-180122
-180168
-180227
-180327
-180410
-180465
-180515
-180583
-180652
-180714
-180817
-181033
-181372
-181761
-182140
-182459
-182715
-182928
-183103
-183244
-183331
-183366
-183378
-183359
-183278
-183173
-183050
-182902
-182721
-182464
-182164
-181847
-181521
-181212
-180944
-180719
-180515
-180331
-180194
-180115
-180060
-180014
-180038
-180137
-180267
-180446
-180617
-180731
-180797
-180851
-180890
-180866
-180816
-180764
-180674
-180503
-180289
-180105
-179940
-179812
-179764
-179764
-179766
-179799
-179873
-179953
-180023
-180041
-179996
-179921
-179853
-179804
-179744
-179633
-179448
-179185
-178870
-178555
-178283
-178080
-177962
-177954
-178020
-178109
-178238
-178425
-178705
-179077
-179520
-180046
-180645
-181331
-182101
-182945
-183851
-184765
-185704
-186656
-187532
-188331
-189128
-189859
-190450
-190945
-191308
-191544
-191715
-191849
-191933
-191910
-191754
-191470
-191099
-190674
-190225
-189769
-189305
-188855
-188431
-188032
-187626
-187211
-186816
-186502
-186309
-186194
-186151
-186168
-186273
-186494
-186803
-187188
-187599
-187961
-188257
-188523
-188774
-189028
-189258
-189452
-189664
-189906
-190147
-190378
-190635
-190963
-191339
-191713
-192090
-192467
-192813
-193150
-193477
-193802
-194166
-194589
-195049
-195544
-196088
-196580
-196941
-197158
-197216
-197110
-196861
-196536
-196159
-195752
-195323
-194936
-194671
-194468
-194315
-194230
-194235
-194270
-194279
-194303
-194312
-194317
-194297
-194235
-194144
-193946
-193667
-193342
-192903
-192333
-191668
-190896
-190010
-189072
-188133
-187222
-186337
-185484
-184692
-183943
-183241
-182577
-181925
-181300
-180677
-180046
-179423
-178804
-178207
-177609
-177001
-176392
-175766
-175119
-174469
-173799
-173057
-172222
-171289
-170237
-169064
-167807
-166523
-165248
-164015
-162836
-161670
-160548
-159525
-158601
-157745
-156929
-156152
-155385
-154655
-154014
-153445
-152977
-152613
-152341
-152198
-152155
-152221
-152455
-152792
-153182
-153613
-154077
-154567
-155032
-155533
-156141
-156819
-157553
-158350
-159212
-160113
-161000
-161836
-162643
-163467
-164341
-165255
-166190
-167107
-167969
-168790
-169545
-170218
-170865
-171517
-172161
-172773
-173320
-173843
-174394
-174953
-175531
-176198
-176952
-177742
-178577
-179423
-180234
-181028
-181823
-182641
-183465
-184308
-185202
-186158
-187185
-188225
-189247
-190266
-191317
-192394
-193410
-194374
-195316
-196214
-197075
-197945
-198890
-199869
-200803
-201629
-202306
-202858
-203311
-203649
-203872
-203982
-203989
-203941
-203822
-203598
-203292
-202898
-202439
-201960
-201416
-200805
-200146
-199421
-198652
-197842
-196962
-196014
-195011
-193986
-192965
-191902
-190798
-189666
-188509
-187355
-186232
-185185
-184189
-183200
-182208
-181220
-180263
-179361
-178562
-177848
-177245
-176804
-176472
-176230
-176097
-176017
-175964
-175968
-175981
-175975
-175962
-175936
-175886
-175810
-175766
-175734
-175673
-175650
-175685
-175799
-175994
-176200
-176348
-176442
-176527
-176609
-176720
-176876
-177017
-177116
-177185
-177177
-177043
-176772
-176364
-175838
-175192
-174460
-173695
-172869
-171942
-170930
-169849
-168684
-167450
-166240
-165058
-163879
-162745
-161670
-160654
-159714
-158908
-158235
-157613
-157056
-156577
-156138
-155774
-155522
-155363
-155297
-155344
-155509
-155694
-155863
-156098
-156402
-156781
-157248
-157796
-158383
-158975
-159580
-160158
-160673
-161138
-161595
-162027
-162456
-162923
-163426
-163995
-164623
-165267
-165900
-166563
-167295
-168087
-168943
-169874
-170852
-171821
-172790
-173772
-174690
-175556
-176419
-177225
-177937
-178585
-179223
-179867
-180492
-181060
-181544
-181964
-182258
-182369
-182455
-182449
-182308
-182213
-182055
-181810
-181527
-181213
-180934
-180626
-180330
-180098
-179893
-179763
-179734
-179752
-179834
-180072
-180441
-180838
-181256
-181698
-182142
-182556
-182940
-183248
-183450
-183612
-183741
-183812
-183815
-183756
-183638
-183464
-183271
-183045
-182731
-182326
-181829
-181211
-180489
-179730
-178936
-178079
-177222
-176388
-175574
-174773
-173960
-173161
-172453
-171880
-171350
-170862
-170486
-170169
-169878
-169644
-169483
-169353
-169264
-169272
-169306
-169306
-169330
-169359
-169347
-169330
-169317
-169253
-169129
-168941
-168584
-168123
-167632
-167194
-166881
-166628
-166506
-166497
-166592
-166789
-166999
-167235
-167457
-167639
-167795
-168000
-168274
-168572
-168924
-169269
-169664
-170089
-170452
-170816
-171166
-171521
-171840
-172124
-172376
-172542
-172677
-172760
-172802
-172794
-172651
-172375
-172052
-171793
-171588
-171406
-171300
-171254
-171278
-171369
-171488
-171679
-171951
-172337
-172828
-173366
-174001
-174753
-175581
-176437
-177260
-178074
-178909
-179736
-180549
-181357
-182183
-183069
-184013
-184998
-185966
-186844
-187657
-188416
-189092
-189689
-190189
-190596
-190953
-191200
-191297
-191274
-191072
-190788
-190494
-190170
-189885
-189540
-189149
-188797
-188407
-187989
-187480
-186873
-186226
-185536
-184826
-184069
-183301
-182577
-181971
-181506
-181082
-180687
-180292
-179894
-179496
-179075
-178646
-178167
-177641
-177091
-176520
-175911
-175284
-174641
-173922
-173177
-172431
-171690
-170966
-170247
-169542
-168834
-168118
-167337
-166502
-165657
-164762
-163905
-163112
-162337
-161602
-160897
-160259
-159683
-159127
-158630
-158199
-157809
-157478
-157152
-156838
-156627
-156469
-156348
-156300
-156290
-156374
-156603
-156928
-157340
-157794
-158332
-158988
-159660
-160409
-161243
-162051
-162812
-163522
-164189
-164846
-165482
-166124
-166807
-167531
-168348
-169222
-170201
-171313
-172471
-173697
-174963
-176236
-177495
-178761
-180063
-181346
-182574
-183688
-184689
-185595
-186410
-187143
-187792
-188395
-188959
-189487
-189997
-190491
-191012
-191565
-192117
-192730
-193435
-194203
-195009
-195840
-196725
-197638
-198529
-199341
-200069
-200816
-201554
-202210
-202807
-203362
-203838
-204263
-204651
-204947
-205202
-205405
-205509
-205506
-205391
-205194
-204903
-204550
-204138
-203656
-203163
-202597
-201959
-201319
-200662
-200002
-199333
-198717
-198190
-197711
-197279
-196891
-196575
-196342
-196184
-196100
-196082
-196204
-196417
-196609
-196816
-197060
-197355
-197730
-198168
-198638
-199178
-199816
-200528
-201237
-201920
-202522
-202929
-203221
-203370
-203366
-203266
-203027
-202672
-202170
-201557
-200824
-200006
-199200
-198401
-197623
-196824
-195967
-195036
-193979
-192765
-191420
-189920
-188274
-186533
-184659
-182656
-180557
-178397
-176156
-173788
-171285
-168790
-166345
-163901
-161538
-159207
-156970
-154847
-152816
-150993
-149300
-147705
-146288
-145087
-144092
-143261
-142603
-142101
-141735
-141469
-141254
-141147
-141132
-141144
-141084
-140926
-140803
-140627
-140389
-140234
-140138
-140161
-140287
-140512
-140841
-141167
-141552
-142047
-142624
-143239
-143857
-144489
-145164
-145933
-146742
-147602
-148553
-149581
-150717
-151956
-153296
-154728
-156216
-157774
-159413
-161114
-162854
-164609
-166364
-168060
-169647
-171169
-172657
-174093
-175469
-176800
-178068
-179261
-180439
-181624
-182767
-183880
-184985
-186066
-187097
-188028
-188886
-189714
-190444
-191088
-191696
-192255
-192787
-193221
-193555
-193856
-194101
-194341
-194577
-194838
-195096
-195252
-195362
-195387
-195290
-195137
-194926
-194669
-194341
-193945
-193560
-193121
-192662
-192209
-191693
-191224
-190818
-190340
-189861
-189444
-188980
-188581
-188263
-187976
-187802
-187712
-187722
-187820
-187975
-188170
-188366
-188542
-188665
-188714
-188672
-188544
-188338
-188051
-187683
-187269
-186906
-186560
-186158
-185761
-185425
-185135
-184855
-184588
-184393
-184227
-184045
-183890
-183762
-183612
-183386
-183097
-182821
-182586
-182362
-182181
-182136
-182221
-182365
-182583
-182830
-183061
-183342
-183626
-183901
-184205
-184601
-185111
-185694
-186309
-186859
-187388
-187937
-188463
-188980
-189453
-189841
-190122
-190331
-190465
-190494
-190440
-190336
-190199
-189959
-189574
-189092
-188548
-187876
-187015
-185968
-184811
-183650
-182486
-181356
-180300
-179294
-178380
-177556
-176814
-176134
-175469
-174828
-174156
-173469
-172725
-171859
-170953
-170040
-169155
-168299
-167549
-166857
-166079
-165270
-164397
-163520
-162633
-161725
-160845
-159935
-159093
-158312
-157553
-156868
-156280
-155800
-155355
-154882
-154384
-153906
-153528
-153234
-152986
-152839
-152751
-152737
-152807
-152972
-153315
-153784
-154405
-155137
-155975
-156944
-157977
-159087
-160203
-161308
-162381
-163360
-164271
-165172
-166084
-167015
-167954
-168871
-169823
-170843
-171857
-172848
-173786
-174579
-175297
-175966
-176516
-176996
-177485
-178021
-178589
-179218
-179924
-180639
-181328
-182011
-182715
-183389
-184027
-184622
-185110
-185546
-185911
-186176
-186366
-186479
-186553
-186587
-186596
-186622
-186678
-186756
-186858
-186970
-187057
-187079
-187030
-186982
-187003
-187062
-187106
-187114
-187078
-187061
-187097
-187087
-187021
-186925
-186830
-186818
-186819
-186805
-186851
-186930
-187089
-187264
-187397
-187640
-187906
-188109
-188339
-188584
-188821
-189029
-189262
-189552
-189850
-190149
-190458
-190739
-190999
-191320
-191598
-191819
-192005
-192142
-192371
-192632
-192953
-193287
-193582
-193888
-194128
-194362
-194443
-194525
-194619
-194616
-194679
-194715
-194794
-194880
-195014
-195151
-195157
-195171
-195079
-194886
-194641
-194296
-193960
-193648
-193281
-192835
-192480
-192180
-191963
-191756
-191463
-191208
-190882
-190648
-190372
-190034
-189747
-189408
-189086
-188708
-188316
-187847
-187333
-186786
-186163
-185487
-184772
-184110
-183411
-182710
-181973
-181182
-180324
-179329
-178344
-177349
-176400
-175530
-174719
-174028
-173360
-172732
-172112
-171424
-170677
-169801
-168817
-167749
-166591
-165466
-164310
-163104
-161999
-160855
-159750
-158728
-157676
-156752
-155919
-155256
-154791
-154372
-154048
-153768
-153504
-153248
-152931
-152583
-152293
-152036
-151835
-151758
-151726
-151733
-151753
-151818
-152014
-152274
-152593
-152953
-153273
-153548
-153823
-154090
-154339
-154655
-155002
-155362
-155810
-156263
-156656
-157041
-157478
-157983
-158570
-159241
-159947
-160689
-161455
-162236
-163099
-164014
-164919
-165879
-166801
-167586
-168323
-169040
-169764
-170509
-171243
-171996
-172746
-173449
-174088
-174613
-175021
-175362
-175649
-175891
-176092
-176302
-176534
-176716
-176876
-177075
-177302
-177564
-177844
-178075
-178275
-178506
-178743
-178952
-179129
-179259
-179301
-179255
-179197
-179142
-179076
-179081
-179179
-179361
-179641
-179989
-180390
-180788
-181082
-181366
-181771
-182198
-182634
-183087
-183536
-184051
-184583
-185083
-185538
-185933
-186311
-186669
-187029
-187451
-187948
-188531
-189186
-189948
-190837
-191840
-192930
-193997
-195019
-196038
-197095
-198185
-199249
-200283
-201346
-202431
-203470
-204404
-205140
-205697
-206169
-206551
-206810
-206948
-207001
-207034
-207044
-206959
-206753
-206450
-206069
-205607
-205010
-204247
-203340
-202289
-201093
-199766
-198326
-196819
-195242
-193610
-192013
-190448
-188898
-187363
-185896
-184528
-183233
-182031
-180920
-179904
-178897
-177805
-176676
-175559
-174421
-173198
-171921
-170667
-169453
-168289
-167174
-166136
-165108
-164047
-163025
-162010
-161002
-160050
-159153
-158291
-157489
-156741
-155985
-155296
-154740
-154273
-153916
-153667
-153404
-153106
-152841
-152614
-152388
-152152
-151995
-151978
-152065
-152146
-152201
-152326
-152528
-152787
-153040
-153258
-153514
-153786
-154057
-154376
-154737
-155110
-155496
-155960
-156452
-156879
-157328
-157816
-158259
-158615
-158852
-158989
-159089
-159184
-159300
-159450
-159627
-159844
-160076
-160318
-160569
-160818
-161109
-161393
-161659
-161941
-162149
-162287
-162402
-162505
-162593
-162630
-162650
-162621
-162509
-162333
-162094
-161842
-161581
-161279
-160939
-160606
-160359
-160227
-160150
-160056
-159989
-160027
-160154
-160357
-160661
-161079
-161578
-162111
-162722
-163462
-164280
-165144
-166027
-166847
-167616
-168369
-169100
-169830
-170523
-171161
-171817
-172528
-173277
-174046
-174814
-175566
-176281
-176940
-177558
-178172
-178779
-179362
-179905
-180356
-180736
-181107
-181456
-181751
-181965
-182090
-182175
-182281
-182401
-182518
-182675
-182848
-182988
-183125
-183311
-183587
-183954
-184387
-184876
-185434
-186071
-186740
-187365
-187948
-188507
-189019
-189460
-189892
-190387
-190899
-191406
-191918
-192408
-192861
-193306
-193846
-194465
-195075
-195646
-196150
-196616
-197062
-197531
-197995
-198352
-198630
-198862
-199002
-199011
-198908
-198726
-198450
-198096
-197700
-197269
-196802
-196300
-195809
-195335
-194837
-194281
-193670
-193106
-192557
-191956
-191368
-190847
-190362
-189802
-189177
-188598
-188153
-187858
-187600
-187306
-187028
-186813
-186622
-186374
-186022
-185616
-185186
-184696
-184166
-183677
-183279
-182910
-182489
-182032
-181586
-181126
-180647
-180227
-179897
-179640
-179386
-179138
-178925
-178714
-178507
-178233
-177860
-177445
-177019
-176631
-176252
-175890
-175605
-175368
-175189
-175107
-175131
-175198
-175224
-175211
-175207
-175262
-175329
-175372
-175406
-175460
-175569
-175651
-175673
-175709
-175748
-175742
-175685
-175688
-175813
-175985
-176172
-176356
-176554
-176772
-176915
-176972
-177020
-177067
-177089
-177069
-177004
-176957
-176951
-176962
-176988
-177025
-177093
-177173
-177258
-177354
-177371
-177327
-177286
-177237
-177198
-177151
-177100
-177029
-176909
-176782
-176661
-176604
-176679
-176841
-177054
-177343
-177700
-178098
-178521
-178974
-179443
-179881
-180246
-180506
-180685
-180752
-180686
-180545
-180344
-180151
-180015
-179882
-179742
-179578
-179411
-179286
-179170
-179072
-178966
-178761
-178492
-178278
-178153
-177994
-177741
-177503
-177310
-177126
-176929
-176679
-176376
-176018
-175598
-175159
-174756
-174358
-173905
-173381
-172896
-172561
-172286
-171983
-171660
-171382
-171205
-171076
-170926
-170744
-170605
-170569
-170615
-170675
-170667
-170580
-170472
-170451
-170531
-170628
-170713
-170831
-171035
-171289
-171557
-171830
-172128
-172486
-172883
-173293
-173687
-174117
-174620
-175145
-175654
-176167
-176745
-177364
-177998
-178646
-179299
-179953
-180609
-181220
-181752
-182238
-182683
-183095
-183438
-183656
-183806
-183962
-184143
-184311
-184438
-184552
-184649
-184731
-184827
-184903
-184953
-185039
-185214
-185464
-185714
-185939
-186162
-186389
-186604
-186816
-186996
-187127
-187236
-187281
-187234
-187103
-186943
-186821
-186726
-186648
-186567
-186519
-186531
-186555
-186574
-186527
-186461
-186439
-186378
-186248
-186071
-185883
-185626
-185234
-184761
-184211
-183543
-182810
-182057
-181285
-180482
-179590
-178614
-177587
-176548
-175478
-174329
-173162
-172020
-170904
-169848
-168815
-167777
-166778
-165790
-164874
-164064
-163320
-162703
-162186
-161766
-161466
-161285
-161261
-161334
-161461
-161679
-161946
-162220
-162536
-162903
-163305
-163732
-164170
-164672
-165304
-166039
-166817
-167666
-168623
-169576
-170533
-171509
-172443
-173398
-174382
-175376
-176339
-177280
-178220
-179129
-180014
-180800
-181516
-182148
-182667
-183112
-183377
-183506
-183519
-183352
-183086
-182763
-182432
-182147
-181841
-181468
-181079
-180691
-180300
-179850
-179300
-178670
-177957
-177214
-176431
-175578
-174670
-173667
-172627
-171646
-170711
-169821
-168992
-168233
-167529
-166860
-166284
-165894
-165719
-165664
-165685
-165779
-165896
-166046
-166233
-166533
-166950
-167401
-167921
-168436
-168915
-169374
-169796
-170234
-170608
-170970
-171509
-172194
-172927
-173691
-174557
-175524
-176520
-177520
-178510
-179530
-180541
-181505
-182433
-183307
-184228
-185221
-186226
-187262
-188326
-189386
-190386
-191369
-192369
-193295
-194137
-194897
-195537
-196043
-196439
-196732
-196962
-197094
-197076
-196976
-196734
-196307
-195731
-195035
-194319
-193586
-192796
-191985
-191191
-190385
-189563
-188809
-188144
-187508
-186876
-186276
-185656
-184928
-184181
-183510
-182904
-182289
-181571
-180790
-180030
-179322
-178647
-178063
-177649
-177335
-177053
-176806
-176647
-176545
-176457
-176389
-176302
-176255
-176242
-176209
-176201
-176277
-176388
-176426
-176412
-176379
-176370
-176379
-176336
-176279
-176309
-176386
-176348
-176251
-176142
-176007
-175834
-175536
-175212
-174896
-174541
-174247
-174024
-173866
-173768
-173682
-173652
-173711
-173833
-173992
-174147
-174325
-174559
-174797
-174997
-175197
-175435
-175627
-175729
-175789
-175913
-176127
-176343
-176558
-176818
-177118
-177518
-178124
-178869
-179646
-180443
-181317
-182259
-183190
-184110
-185039
-185957
-186824
-187594
-188223
-188748
-189195
-189517
-189762
-189987
-190096
-190067
-189996
-189885
-189724
-189515
-189247
-188949
-188649
-188281
-187817
-187318
-186844
-186352
-185724
-184979
-184106
-183123
-182097
-180986
-179821
-178647
-177507
-176422
-175285
-174079
-172901
-171779
-170756
-169827
-168968
-168226
-167564
-166916
-166261
-165615
-164982
-164402
-163896
-163418
-162959
-162622
-162500
-162505
-162578
-162768
-163122
-163617
-164199
-164845
-165513
-166204
-166923
-167715
-168573
-169336
-170025
-170732
-171440
-172145
-172760
-173287
-173780
-174198
-174513
-174691
-174785
-174840
-174845
-174835
-174786
-174683
-174526
-174332
-174083
-173778
-173529
-173280
-172991
-172752
-172493
-172159
-171801
-171498
-171257
-170993
-170754
-170582
-170450
-170371
-170303
-170251
-170229
-170233
-170330
-170510
-170699
-170929
-171223
-171580
-172005
-172457
-172926
-173486
-174238
-175129
-176004
-176846
-177726
-178663
-179531
-180261
-181012
-181815
-182514
-183075
-183520
-183869
-184158
-184426
-184685
-184852
-184981
-185128
-185287
-185471
-185608
-185698
-185728
-185703
-185594
-185330
-184997
-184560
-183961
-183247
-182406
-181493
-180574
-179632
-178635
-177594
-176554
-175493
-174447
-173472
-172475
-171476
-170591
-169806
-169075
-168387
-167815
-167413
-167160
-167020
-166988
-167134
-167436
-167839
-168324
-168930
-169683
-170457
-171229
-172082
-172993
-173909
-174815
-175738
-176696
-177642
-178519
-179296
-180011
-180658
-181242
-181823
-182359
-182813
-183215
-183579
-183877
-184130
-184355
-184498
-184606
-184685
-184674
-184582
-184380
-184067
-183704
-183328
-183048
-182833
-182551
-182162
-181640
-181036
-180437
-179886
-179363
-178882
-178478
-178111
-177832
-177658
-177485
-177320
-177197
-177055
-176871
-176636
-176360
-176095
-175899
-175815
-175854
-176027
-176274
-176538
-176812
-177022
-177090
-177068
-177039
-176986
-176931
-176832
-176606
-176315
-176009
-175717
-175448
-175191
-174995
-174838
-174738
-174795
-174924
-175032
-175101
-175150
-175205
-175157
-174981
-174705
-174375
-174087
-173842
-173627
-173396
-173096
-172813
-172644
-172525
-172367
-172171
-171982
-171815
-171701
-171627
-171536
-171408
-171145
-170763
-170414
-170121
-169864
-169619
-169365
-169108
-168875
-168663
-168432
-168220
-168030
-167793
-167431
-166968
-166502
-166072
-165694
-165389
-165145
-164880
-164547
-164193
-163977
-163907
-163886
-163999
-164167
-164295
-164430
-164598
-164742
-164760
-164716
-164649
-164602
-164502
-164240
-163988
-163884
-163901
-163934
-163960
-164014
-164101
-164290
-164539
-164785
-165083
-165349
-165575
-165869
-166209
-166571
-166909
-167260
-167639
-167968
-168307
-168676
-169050
-169517
-170097
-170700
-171287
-171850
-172361
-172805
-173210
-173618
-174065
-174584
-175168
-175865
-176793
-177902
-179043
-180237
-181555
-182932
-184319
-185771
-187269
-188810
-190403
-192010
-193636
-195227
-196773
-198260
-199718
-201210
-202673
-204132
-205660
-207280
-208978
-210711
-212400
-214038
-215656
-217202
-218667
-220055
-221285
-222328
-223313
-224236
-225038
-225761
-226344
-226726
-226989
-227225
-227361
-227352
-227204
-226935
-226591
-226158
-225594
-224914
-224213
-223457
-222624
-221837
-221119
-220403
-219609
-218707
-217750
-216836
-215972
-215080
-214124
-213178
-212352
-211537
-210645
-209700
-208734
-207765
-206761
-205740
-204654
-203489
-202252
-200925
-199551
-198207
-196956
-195743
-194543
-193350
-192120
-190883
-189732
-188694
-187700
-186682
-185660
-184668
-183655
-182630
-181653
-180687
-179659
-178577
-177532
-176554
-175606
-174632
-173599
-172557
-171670
-170994
-170380
-169714
-169048
-168482
-168055
-167731
-167443
-167150
-166906
-166777
-166705
-166601
-166509
-166494
-166555
-166637
-166606
-166441
-166199
-165924
-165730
-165639
-165555
-165443
-165338
-165302
-165386
-165557
-165752
-165963
-166189
-166408
-166612
-166823
-167047
-167340
-167752
-168238
-168763
-169240
-169597
-169893
-170201
-170556
-170966
-171404
-171860
-172346
-172854
-173405
-173927
-174306
-174516
-174611
-174696
-174725
-174662
-174610
-174613
-174622
-174583
-174522
-174461
-174356
-174164
-173951
-173797
-173708
-173734
-173881
-174182
-174694
-175226
-175652
-176096
-176614
-177154
-177658
-178104
-178529
-178978
-179457
-179931
-180385
-180812
-181252
-181734
-182212
-182693
-183197
-183724
-184251
-184772
-185288
-185783
-186298
-186821
-187292
-187765
-188270
-188752
-189161
-189496
-189806
-190131
-190467
-190774
-191085
-191467
-191839
-192184
-192528
-192768
-192861
-192880
-192890
-192859
-192759
-192587
-192328
-191989
-191591
-191116
-190459
-189604
-188643
-187708
-186759
-185668
-184538
-183377
-182142
-180885
-179601
-178327
-177069
-175809
-174536
-173263
-172044
-170885
-169762
-168659
-167577
-166510
-165473
-164433
-163337
-162200
-161054
-159949
-158918
-157891
-156803
-155737
-154717
-153753
-152930
-152206
-151549
-150968
-150496
-150121
-149746
-149374
-149097
-148928
-148817
-148784
-148848
-149050
-149383
-149732
-150064
-150334
-150520
-150727
-150936
-151142
-151421
-151657
-151829
-152054
-152382
-152782
-153123
-153378
-153583
-153765
-153956
-154135
-154246
-154297
-154407
-154539
-154600
-154555
-154385
-154199
-153999
-153758
-153531
-153334
-153107
-152796
-152454
-152069
-151624
-151168
-150701
-150254
-149875
-149540
-149214
-148974
-148834
-148789
-148857
-148953
-149071
-149228
-149474
-149845
-150260
-150709
-151137
-151533
-151873
-152090
-152333
-152572
-152727
-152940
-153183
-153429
-153672
-153854
-154014
-154213
-154519
-154906
-155291
-155583
-155821
-156078
-156307
-156499
-156574
-156531
-156428
-156238
-155980
-155711
-155449
-155186
-154964
-154787
-154598
-154341
-154033
-153722
-153425
-153092
-152695
-152341
-152084
-151912
-151810
-151788
-151843
-151955
-152203
-152596
-153038
-153465
-153899
-154394
-154918
-155474
-156058
-156623
-157188
-157699
-158133
-158503
-158808
-159021
-159147
-159247
-159352
-159501
-159668
-159865
-160070
-160276
-160514
-160745
-161059
-161458
-161899
-162338
-162754
-163208
-163671
-164161
-164696
-165264
-165840
-166377
-166818
-167160
-167445
-167609
-167692
-167719
-167693
-167695
-167759
-167926
-168134
-168371
-168671
-168932
-169132
-169334
-169542
-169782
-170106
-170405
-170601
-170759
-170890
-170941
-170907
-170867
-170845
-170858
-170912
-170959
-171006
-171051
-171150
-171354
-171559
-171741
-171990
-172330
-172704
-173102
-173564
-174056
-174515
-174946
-175442
-175959
-176424
-176878
-177270
-177601
-177991
-178440
-178899
-179352
-179695
-179964
-180175
-180258
-180279
-180112
-179689
-179131
-178498
-177882
-177274
-176683
-176114
-175495
-174859
-174174
-173403
-172538
-171607
-170729
-169942
-169230
-168547
-167884
-167260
-166642
-166077
-165578
-165163
-164932
-164833
-164806
-164866
-165023
-165308
-165670
-166035
-166397
-166772
-167219
-167765
-168339
-168890
-169363
-169785
-170286
-170868
-171455
-171993
-172462
-172894
-173366
-173913
-174507
-175160
-175916
-176796
-177760
-178731
-179717
-180755
-181844
-182951
-183978
-184865
-185602
-186262
-186950
-187674
-188379
-189037
-189686
-190362
-191143
-191996
-192798
-193610
-194501
-195454
-196344
-197087
-197749
-198323
-198765
-199103
-199360
-199512
-199579
-199600
-199515
-199330
-199127
-198965
-198829
-198594
-198269
-197917
-197531
-197147
-196745
-196269
-195727
-195173
-194646
-194147
-193685
-193221
-192796
-192459
-192091
-191685
-191309
-190993
-190713
-190409
-190098
-189803
-189530
-189243
-188934
-188602
-188219
-187840
-187505
-187146
-186708
-186276
-185902
-185507
-185045
-184530
-184021
-183524
-182977
-182375
-181739
-181109
-180483
-179804
-179074
-178261
-177402
-176598
-175819
-175113
-174529
-173986
-173417
-172827
-172299
-171829
-171418
-171109
-170842
-170590
-170394
-170238
-170061
-169885
-169750
-169627
-169527
-169466
-169473
-169569
-169686
-169841
-170079
-170352
-170625
-170930
-171277
-171673
-172185
-172856
-173632
-174399
-175157
-175912
-176604
-177273
-177948
-178640
-179380
-180143
-180924
-181645
-182247
-182844
-183460
-184014
-184453
-184852
-185258
-185569
-185768
-185940
-186097
-186180
-186241
-186316
-186359
-186300
-186083
-185778
-185408
-185016
-184675
-184322
-183940
-183582
-183252
-182943
-182711
-182594
-182513
-182390
-182182
-181953
-181769
-181618
-181518
-181434
-181366
-181325
-181298
-181287
-181341
-181506
-181712
-181909
-182069
-182234
-182444
-182645
-182831
-183019
-183243
-183505
-183784
-184062
-184307
-184577
-184831
-184984
-184993
-184828
-184569
-184245
-183922
-183660
-183438
-183230
-182983
-182747
-182578
-182521
-182587
-182767
-183047
-183363
-183728
-184105
-184443
-184813
-185324
-185926
-186535
-187096
-187531
-187868
-188133
-188411
-188657
-188785
-188881
-188990
-189133
-189346
-189694
-190116
-190528
-190912
-191315
-191795
-192265
-192688
-193095
-193520
-193995
-194521
-195033
-195474
-195885
-196285
-196726
-197185
-197545
-197798
-197986
-198165
-198308
-198436
-198528
-198499
-198451
-198359
-198230
-198114
-198009
-197918
-197766
-197639
-197556
-197499
-197503
-197565
-197623
-197553
-197405
-197274
-197111
-196803
-196431
-196096
-195776
-195492
-195223
-194985
-194774
-194584
-194486
-194423
-194345
-194198
-193995
-193856
-193740
-193645
-193615
-193570
-193465
-193335
-193219
-193120
-193010
-192891
-192782
-192681
-192557
-192373
-192140
-191908
-191700
-191472
-191211
-190983
-190818
-190682
-190548
-190397
-190186
-189923
-189649
-189372
-189086
-188793
-188516
-188291
-188114
-187951
-187768
-187531
-187201
-186799
-186422
-186100
-185789
-185466
-185165
-184873
-184513
-184142
-183863
-183697
-183653
-183637
-183597
-183615
-183735
-183960
-184217
-184489
-184766
-185022
-185333
-185706
-186167
-186751
-187316
-187792
-188286
-188804
-189296
-189819
-190356
-190897
-191460
-191941
-192346
-192784
-193292
-193807
-194238
-194586
-194854
-195058
-195251
-195411
-195484
-195527
-195589
-195593
-195522
-195418
-195249
-195052
-194840
-194598
-194362
-194068
-193739
-193405
-193056
-192685
-192226
-191730
-191165
-190479
-189676
-188782
-187834
-186757
-185633
-184533
-183367
-182151
-180968
-179908
-178959
-178012
-177062
-176180
-175415
-174773
-174146
-173499
-172864
-172201
-171518
-170865
-170287
-169836
-169585
-169470
-169392
-169330
-169305
-169324
-169409
-169621
-169940
-170321
-170700
-171062
-171439
-171827
-172102
-172243
-172370
-172460
-172495
-172503
-172530
-172562
-172608
-172719
-172897
-173108
-173330
-173555
-173722
-173839
-173908
-173957
-173983
-173979
-173967
-173868
-173644
-173273
-172816
-172360
-171901
-171431
-170891
-170232
-169504
-168760
-168072
-167438
-166825
-166210
-165570
-164928
-164175
-163370
-162568
-161687
-160846
-160052
-159331
-158721
-158103
-157511
-157003
-156567
-156208
-155866
-155531
-155243
-155039
-154899
-154780
-154691
-154669
-154767
-155010
-155392
-155780
-156129
-156510
-156919
-157379
-157903
-158462
-159024
-159612
-160247
-160983
-161792
-162570
-163296
-163942
-164489
-164975
-165443
-165918
-166443
-167008
-167646
-168327
-168894
-169430
-170056
-170697
-171292
-171822
-172265
-172684
-173109
-173493
-173821
-174107
-174424
-174706
-174894
-175017
-175035
-174981
-174908
-174851
-174803
-174756
-174735
-174738
-174708
-174559
-174283
-173948
-173705
-173563
-173393
-173114
-172767
-172464
-172241
-172089
-171949
-171878
-171962
-172147
-172361
-172546
-172699
-172840
-172947
-173019
-173089
-173146
-173172
-173185
-173174
-173181
-173284
-173478
-173736
-174011
-174260
-174514
-174886
-175460
-176177
-176939
-177693
-178451
-179266
-180163
-181122
-182111
-183071
-183919
-184669
-185364
-186012
-186580
-187068
-187534
-187944
-188325
-188677
-188978
-189267
-189544
-189819
-190030
-190212
-190422
-190661
-190925
-191216
-191544
-191791
-191985
-192100
-192125
-192198
-192292
-192397
-192455
-192469
-192540
-192599
-192724
-192925
-193101
-193283
-193411
-193452
-193412
-193283
-193144
-193010
-192822
-192591
-192314
-192004
-191686
-191385
-191126
-190860
-190524
-190038
-189426
-188771
-188061
-187312
-186499
-185656
-184856
-184097
-183419
-182761
-182106
-181494
-180798
-180037
-179309
-178576
-177854
-177165
-176493
-175939
-175511
-175063
-174586
-174038
-173413
-172819
-172236
-171651
-171038
-170398
-169806
-169309
-168921
-168584
-168259
-167975
-167777
-167733
-167884
-168120
-168358
-168622
-168886
-169129
-169330
-169543
-169821
-170112
-170403
-170676
-170960
-171301
-171704
-172185
-172681
-173155
-173598
-174008
-174448
-174883
-175338
-175790
-176197
-176659
-177169
-177725
-178314
-178867
-179427
-180058
-180737
-181444
-182156
-182825
-183492
-184186
-184850
-185469
-186109
-186746
-187280
-187739
-188196
-188663
-189122
-189491
-189697
-189742
-189681
-189613
-189555
-189489
-189406
-189268
-189035
-188692
-188285
-187883
-187540
-187170
-186703
-186092
-185299
-184410
-183445
-182487
-181581
-180680
-179812
-178968
-178159
-177362
-176549
-175741
-174971
-174332
-173823
-173402
-173011
-172625
-172361
-172220
-172192
-172240
-172267
-172221
-172090
-171959
-171854
-171776
-171737
-171788
-171967
-172196
-172436
-172715
-173048
-173408
-173806
-174226
-174680
-175199
-175663
-176013
-176271
-176475
-176665
-176806
-176915
-177036
-177151
-177216
-177260
-177335
-177466
-177649
-177806
-177885
-177894
-177863
-177815
-177736
-177591
-177398
-177220
-177044
-176847
-176593
-176306
-176040
-175826
-175696
-175576
-175459
-175343
-175213
-175115
-175022
-174940
-174859
-174777
-174705
-174623
-174532
-174415
-174224
-173960
-173709
-173499
-173293
-173045
-172798
-172626
-172533
-172516
-172528
-172500
-172475
-172499
-172507
-172544
-172679
-172940
-173299
-173651
-173975
-174259
-174511
-174777
-175062
-175401
-175832
-176241
-176567
-176851
-177090
-177319
-177613
-178009
-178387
-178633
-178843
-179116
-179433
-179750
-180115
-180557
-181013
-181477
-181971
-182428
-182835
-183245
-183634
-183951
-184212
-184495
-184763
-184906
-184903
-184812
-184739
-184726
-184710
-184621
-184456
-184241
-183998
-183821
-183776
-183842
-184009
-184263
-184525
-184710
-184844
-184983
-185166
-185420
-185695
-185905
-185988
-185994
-186023
-186059
-186126
-186260
-186450
-186684
-186928
-187216
-187507
-187777
-188089
-188467
-188908
-189361
-189823
-190312
-190875
-191504
-192124
-192726
-193286
-193822
-194388
-194968
-195616
-196375
-197285
-198401
-199591
-200765
-201956
-203162
-204385
-205585
-206769
-207949
-209120
-210269
-211342
-212373
-213391
-214420
-215473
-216515
-217498
-218385
-219211
-220034
-220897
-221792
-222670
-223505
-224301
-225043
-225727
-226366
-226925
-227455
-228023
-228579
-229027
-229343
-229636
-229948
-230296
-230752
-231338
-232016
-232756
-233592
-234523
-235506
-236553
-237670
-238868
-240140
-241463
-242871
-244375
-245956
-247540
-249101
-250774
-252610
-254523
-256481
-258509
-260631
-262841
-265081
-267274
-269422
-271560
-273708
-275909
-278177
-280477
-282783
-285134
-287510
-289831
-292100
-294363
-296666
-298996
-301280
-303529
-305772
-308014
-310215
-312368
-314504
-316575
-318543
-320382
-322098
-323737
-325281
-326733
-328145
-329513
-330802
-332004
-333107
-334107
-334999
-335816
-336581
-337252
-337848
-338399
-338880
-339269
-339537
-339693
-339759
-339740
-339616
-339364
-338996
-338505
-337945
-337365
-336746
-336107
-335399
-334647
-333953
-333287
-332602
-331868
-331041
-330077
-329025
-327920
-326775
-325675
-324657
-323681
-322672
-321635
-320608
-319575
-318578
-317633
-316740
-315861
-314905
-313899
-312889
-311850
-310786
-309702
-308563
-307411
-306251
-304999
-303682
-302316
-300907
-299454
-297943
-296384
-294768
-293141
-291539
-289967
-288389
-286790
-285198
-283617
-282060
-280532
-279005
-277465
-275917
-274314
-272655
-270938
-269196
-267475
-265680
-263808
-261915
-259994
-258046
-256084
-254136
-252167
-250144
-248082
-246019
-243993
-241992
-240035
-238114
-236173
-234177
-232124
-230039
-227873
-225627
-223346
-221028
-218712
-216453
-214261
-212074
-209858
-207633
-205381
-203074
-200687
-198215
-195675
-193095
-190486
-187831
-185146
-182444
-179745
-177064
-174395
-171707
-169028
-166428
-163869
-161305
-158710
-156122
-153556
-150964
-148343
-145695
-143061
-140445
-137864
-135400
-133102
-130964
-128928
-126934
-124934
-122916
-120889
-118897
-116962
-115063
-113191
-111323
-109431
-107542
-105746
-104020
-102258
-100474
-98722
-97012
-95306
-93559
-91789
-90043
-88323
-86598
-84855
-83118
-81393
-79666
-77961
-76266
-74521
-72751
-70934
-69068
-67206
-65355
-63515
-61603
-59587
-57534
-55457
-53370
-51271
-49139
-46993
-44827
-42628
-40387
-38087
-35742
-33368
-30975
-28552
-26077
-23574
-21052
-18546
-16066
-13630
-11320
-9125
-7015
-4952
-2958
-1083
721
2446
4070
5623
7167
8699
10186
11658
13071
14418
15743
17058
18362
19575
20697
21785
22826
23847
24898
26020
27194
28416
29717
31065
32447
33912
35487
37146
38824
40445
42024
43601
45144
46622
48005
49340
50666
51904
53082
54281
55478
56632
57700
58667
59586
60469
61360
62284
63238
64223
65203
66202
67204
68196
69185
70176
71195
72199
73170
74099
75016
75908
76685
77371
77950
78364
78629
78755
78800
78815
78781
78736
78670
78548
78311
77901
77297
76541
75711
74805
73847
72780
71576
70289
68936
67538
66088
64619
63103
61535
59951
58358
56766
55130
53453
51707
49878
47970
45985
43959
41868
39696
37504
35342
33196
31100
29078
27099
25148
23232
21384
19609
17891
16267
14759
13308
11831
10300
8756
7239
5781
4410
3113
1893
734
-386
-1436
-2365
-3142
-3807
-4402
-4967
-5535
-6121
-6762
-7480
-8267
-9068
-9885
-10784
-11792
-12916
-14154
-15479
-16864
-18280
-19773
-21384
-23068
-24790
-26513
-28246
-30025
-31887
-33817
-35832
-38007
-40316
-42728
-45270
-48011
-50892
-53819
-56771
-59704
-62649
-65659
-68740
-71869
-75040
-78272
-81556
-84837
-88084
-91288
-94398
-97408
-100329
-103253
-106227
-109202
-112150
-115018
-117851
-120685
-123499
-126311
-129150
-132014
-134841
-137611
-140311
-142955
-145582
-148258
-151001
-153710
-156375
-159011
-161615
-164234
-166887
-169579
-172237
-174851
-177511
-180229
-182947
-185622
-188311
-191044
-193763
-196474
-199210
-201959
-204678
-207382
-210059
-212700
-215402
-218167
-220970
-223771
-226538
-229331
-232131
-234916
-237706
-240499
-243279
-246036
-248756
-251419
-254073
-256765
-259437
-261994
-264411
-266731
-269013
-271231
-273318
-275265
-277129
-278957
-280729
-282473
-284268
-286114
-287975
-289830
-291718
-293642
-295492
-297202
-298779
-300268
-301697
-303084
-304479
-305872
-307258
-308585
-309845
-311109
-312388
-313700
-315005
-316274
-317489
-318640
-319753
-320850
-321938
-322941
-323872
-324744
-325496
-326155
-326719
-327249
-327830
-328423
-329045
-329704
-330337
-330944
-331550
-332152
-332734
-333341
-333994
-334654
-335371
-336148
-336898
-337564
-338153
-338709
-339265
-339767
-340226
-340712
-341188
-341650
-342077
-342448
-342792
-343131
-343448
-343709
-343906
-344054
-344217
-344431
-344709
-345031
-345396
-345844
-346320
-346777
-347181
-347536
-347882
-348211
-348547
-348931
-349425
-350033
-350629
-351189
-351755
-352332
-352925
-353565
-354296
-355087
-355923
-356774
-357578
-358325
-359002
-359639
-360263
-360870
-361487
-362091
-362675
-363263
-363878
-364526
-365216
-365981
-366795
-367639
-368524
-369410
-370293
-371161
-371997
-372841
-373700
-374518
-375242
-375881
-376448
-376951
-377416
-377815
-378165
-378459
-378658
-378778
-378789
-378710
-378574
-378317
-377962
-377597
-377187
-376702
-376173
-375616
-375050
-374416
-373701
-372911
-372014
-370973
-369763
-368468
-367144
-365785
-364374
-362911
-361429
-359938
-358445
-356894
-355239
-353520
-351738
-349908
-348081
-346224
-344333
-342439
-340546
-338661
-336762
-334938
-333222
-331535
-329912
-328381
-326894
-325420
-323948
-322491
-321052
-319589
-318105
-316582
-314966
-313238
-311428
-309560
-307599
-305543
-303399
-301168
-298813
-296318
-293753
-291157
-288542
-285832
-282968
-279985
-276903
-273715
-270437
-267147
-263851
-260511
-257115
-253696
-250291
-246916
-243544
-240113
-236597
-232968
-229217
-225332
-221334
-217259
-213197
-209225
-205206
-201123
-197100
-193189
-189411
-185684
-181956
-178226
-174391
-170448
-166481
-162483
-158550
-154700
-150885
-147194
-143584
-140055
-136638
-133294
-130116
-127050
-124078
-121289
-118559
-115838
-113108
-110331
-107554
-104812
-102083
-99316
-96555
-93808
-91119
-88469
-85800
-83238
-80723
-78226
-75831
-73460
-71111
-68711
-66220
-63761
-61255
-58665
-56067
-53440
-50858
-48364
-45934
-43563
-41140
-38610
-36065
-33534
-30969
-28403
-25813
-23153
-20513
-17879
-15289
-12788
-10297
-7891
-5551
-3248
-1066
1022
2986
4839
6712
8672
10706
12748
14781
16780
18685
20492
22183
23777
25321
26781
28200
29619
31008
32397
33749
35066
36372
37640
38857
39950
40942
41937
42953
43929
44818
45599
46266
46805
47220
47572
47839
48020
48158
48241
48263
48187
47960
47530
46878
46041
45090
44043
42878
41590
40167
38620
36993
35305
33532
31572
29344
26926
24368
21708
18979
16103
13098
10006
6849
3703
560
-2643
-5940
-9306
-12731
-16204
-19745
-23354
-26903
-30432
-33946
-37440
-40988
-44584
-48242
-51807
-55210
-58537
-61815
-65066
-68250
-71434
-74650
-77857
-81069
-84268
-87431
-90490
-93454
-96280
-98911
-101463
-103952
-106362
-108754
-111125
-113496
-115860
-118195
-120536
-122843
-125118
-127329
-129457
-131575
-133717
-135913
-138088
-140188
-142216
-144212
-146209
-148235
-150311
-152397
-154532
-156729
-159007
-161388
-163873
-166454
-169114
-171859
-174677
-177628
-180663
-183746
-186935
-190208
-193554
-196998
-200581
-204290
-208048
-211815
-215570
-219323
-223085
-226804
-230429
-233905
-237265
-240554
-243804
-246980
-250084
-253197
-256244
-259229
-262219
-265283
-268429
-271614
-274836
-278009
-281166
-284325
-287410
-290399
-293256
-295888
-298295
-300562
-302701
-304761
-306768
-308686
-310492
-312216
-313836
-315324
-316709
-317972
-319152
-320251
-321256
-322171
-323003
-323796
-324536
-325229
-325844
-326397
-326899
-327269
