TIMESERIES IU_SJG_00_BHZ_M, 12440 samples, 20 sps, 2016-12-25T14:31:42.019538, SLIST, INTEGER, Counts
1863
2284
1881
1936
2081
1744
2177
2233
1851
2450
2541
2026
2701
2575
2259
2937
2445
2064
2933
2308
1761
2896
1928
1737
2524
1311
1501
1703
495
628
742
-601
-141
-384
-1371
-509
-1668
-1397
-1003
-1834
-1050
-1545
-1130
-1001
-1132
-583
-560
-292
-551
143
34
-33
646
240
369
668
646
615
736
697
988
1022
662
1430
1158
702
1676
1240
1332
1808
1203
1755
1748
1299
1703
1652
1249
1625
1442
1188
1582
1202
1481
1383
1461
1735
1402
1670
1701
1954
1469
1816
1643
1400
2123
1274
1830
1225
1431
1669
535
1646
755
659
1220
468
947
819
364
640
317
68
458
-129
-212
-104
-505
-374
-934
-808
-665
-1213
-873
-1191
-1047
-682
-1033
-691
-697
-407
-28
-328
237
722
428
1038
1302
1132
1840
1639
1868
2283
1940
2402
2479
2600
2725
2662
2830
2941
3039
3033
3234
2977
3096
3158
2873
3230
3021
2685
2867
2574
2449
2676
2124
2065
2384
2029
1726
1707
1704
1454
1225
1624
1163
597
1338
775
888
872
258
986
443
567
699
195
594
392
494
551
233
602
548
368
792
639
567
798
556
580
731
625
627
785
701
653
652
645
579
619
626
379
803
662
667
1151
952
1225
1314
1548
1702
1607
1985
1840
1930
2065
1849
2028
2250
2058
2057
2180
1933
1971
1735
1728
1611
1015
1189
997
610
595
310
42
42
-169
-175
-155
-405
-240
-366
-180
-198
-452
-136
-208
-102
-17
72
224
169
-2
180
289
-176
162
-106
-219
-184
-586
-169
-419
-345
-156
-28
-29
96
743
518
853
1346
1527
1761
2066
2441
2232
2826
3082
2755
3175
2927
3273
3227
3024
3104
2319
3125
2539
2291
2928
2006
2514
2276
2249
2291
1935
2277
1382
1664
1721
734
966
974
560
272
378
-83
-262
-91
-805
-652
-695
-848
-814
-976
-628
-751
-639
-415
-339
-203
-4
132
142
533
328
560
831
517
959
868
940
1398
1256
1374
1719
1820
1889
2111
2108
2410
2408
2330
2661
2576
2645
2719
2864
2809
2923
2820
2365
2508
2477
2002
1642
2080
1347
1191
1665
805
1255
926
587
759
-93
331
-31
-565
-95
-723
-677
-593
-909
-751
-897
-781
-946
-648
-727
-1029
-283
-811
-611
-298
-462
28
-271
332
364
320
901
819
1153
1319
1527
1669
2067
2229
2090
2418
2370
2528
2547
2201
2441
2442
2021
2311
2218
2119
2408
2190
2348
2161
2273
2327
2026
2049
1678
1819
1578
1202
1010
789
727
358
260
-7
10
-59
-412
-458
-597
-517
-753
-856
-715
-990
-702
-693
-965
-426
-485
-633
-127
-217
-246
60
-26
161
332
467
735
758
1082
1277
1479
1841
1755
2160
2541
2369
2911
3236
3298
3621
3884
3979
4027
4447
4373
4425
4590
4565
4480
4293
4441
4053
3938
3806
3472
3403
2891
2715
2341
1905
1611
1208
688
277
198
-439
-919
-951
-1328
-2014
-1742
-2160
-2572
-2041
-2603
-2375
-2310
-2239
-2104
-1908
-1575
-1879
-1081
-1490
-1279
-660
-1100
-552
-598
-374
-146
29
228
218
421
508
765
562
889
976
888
1217
1439
1654
1278
1885
1942
1613
2272
1928
1886
2064
2029
2030
1966
2285
2036
2134
2170
2228
2325
2004
2475
2224
1971
2049
2062
2096
1755
1905
1794
1771
2009
1844
1914
2078
2092
2103
2050
2168
2080
1905
1985
1907
2080
2133
1668
1927
2013
1666
1827
1519
1387
1311
1350
1327
1098
1344
1113
1329
1288
1053
1274
969
951
674
668
855
387
653
664
319
502
340
268
217
-43
-93
-166
-324
-304
-175
-265
-195
-148
-69
211
107
410
464
212
869
769
500
1283
1362
1239
1730
1662
1874
2200
1935
2239
2202
2189
2300
2054
2362
2107
1928
2040
1503
1804
1482
1093
1431
773
835
433
423
372
-326
-20
-404
-319
-528
-415
-282
-796
-130
-254
-83
366
225
602
593
963
1006
718
1088
896
1063
1198
1146
1511
1402
1404
1460
1701
1683
1444
1640
1525
1332
1367
1403
1199
1458
1414
1235
1510
1268
1349
1342
1162
1076
851
933
793
517
586
404
63
365
108
-311
323
12
-261
290
114
155
528
560
394
715
761
590
757
702
853
725
1038
1304
1226
1588
1743
1886
1972
2357
2326
2264
2717
2503
2580
2866
2676
2773
2886
2548
2563
2697
2341
2621
2402
1786
2216
1941
1644
1782
1342
1372
1398
1203
1324
1156
1193
1121
934
950
576
452
464
82
-233
-275
-550
-682
-891
-1072
-809
-1190
-960
-782
-996
-453
-490
-242
-129
-95
249
67
252
271
506
685
468
759
704
658
894
793
758
1080
1053
1024
1515
1536
1639
2028
2098
2206
2320
2318
2383
2466
2424
2242
2270
2305
2258
2409
2190
2372
2600
2477
2654
2441
2424
2390
2291
2238
1914
1926
1456
1392
1499
1071
1203
1020
900
863
759
766
351
485
483
168
241
-16
-36
-6
-176
-341
-437
-351
-467
-465
-363
-123
-106
91
318
253
696
663
757
1010
1111
1432
1287
1524
1775
1851
2066
2153
2269
2359
2410
2141
2325
2505
2180
2160
2286
2276
1970
2067
1834
1601
1829
1507
1645
1620
1683
1905
1876
1999
2149
2213
2247
2361
1907
2122
2212
1848
1719
1760
1779
1450
1498
1476
1426
1119
1079
947
593
487
150
-25
-152
-312
-578
-777
-815
-834
-1098
-1111
-1087
-1075
-1056
-1092
-713
-753
-610
-599
-496
-65
-295
-403
-268
-339
-352
-53
-378
-426
11
-91
-97
63
188
145
332
372
444
833
897
961
1345
1497
1616
2025
1979
2453
2686
2556
2880
2760
3082
3164
3006
3156
3083
3204
3191
3025
3007
3061
2951
2840
2711
2539
2401
2119
2115
1925
1621
1315
1129
949
534
586
329
76
39
-102
-72
28
3
-155
-32
25
-36
16
180
237
249
470
486
609
1178
1166
1442
1940
1891
2421
2560
2874
3222
3196
3420
3316
3441
3223
3133
3058
2826
2915
2490
2145
2039
1688
1292
1161
931
591
451
253
-4
28
9
-375
-264
-279
-623
-497
-805
-892
-654
-1147
-1102
-969
-1173
-972
-1113
-1264
-791
-730
-1038
-665
-449
-370
-404
-231
-13
-245
229
258
273
664
607
657
780
1125
954
878
1404
1188
1077
1418
1205
1213
1552
1496
1493
1720
1831
1988
2037
2201
2568
2416
2803
3125
2940
3272
3343
3381
3427
3471
3651
3486
3527
3691
3549
3538
3425
3526
3498
3268
3398
3372
3290
2999
2867
2619
2207
1990
1585
1296
1020
548
480
307
59
53
-431
-226
-139
-368
23
107
294
914
1379
1619
2484
3459
4018
5104
6402
7558
9111
10822
12416
14162
15908
17166
18771
20340
21159
22182
23171
24092
24981
26083
27005
27924
29146
29940
30866
31512
32342
32759
33167
34431
34917
36076
37651
38957
40635
42057
43725
45028
45880
47283
48582
49939
51910
54562
57981
61886
66707
72149
77572
83077
88091
92701
97135
100790
103861
106563
108630
110343
111999
113123
114131
114963
115479
116269
116499
116763
117021
116915
117244
117051
116924
116745
115733
114458
112451
110050
106605
102079
97174
91160
84258
76599
68811
61030
53521
47462
41956
37293
33845
30277
26766
23184
18816
13972
8792
2654
-3586
-9174
-13806
-17098
-19144
-19730
-19514
-18416
-16341
-13734
-11054
-8466
-6207
-4106
-1315
1883
5230
8532
11296
13606
15260
15509
15512
15264
14052
12940
11587
10022
9092
8420
7636
6501
4822
2645
363
-1632
-3583
-5236
-6215
-6431
-5757
-4121
-2464
-323
2227
4260
6083
8114
9994
10941
12342
12975
13540
14926
15901
17524
19707
22472
25255
28519
32116
35098
38286
41004
42626
42981
41560
38865
34846
30524
26858
23176
19827
16775
13944
11139
8367
5784
2380
-1763
-6349
-11182
-16544
-22133
-27233
-32533
-36503
-39092
-40846
-41139
-40946
-40119
-39179
-38240
-37320
-36845
-36404
-36289
-36144
-36471
-37041
-37534
-38558
-38879
-38660
-38443
-38074
-38300
-38935
-39374
-40037
-40436
-40590
-40969
-40694
-40423
-39819
-39102
-38686
-37971
-37759
-37553
-37648
-37440
-37548
-38447
-38629
-38942
-38522
-37339
-36416
-35411
-34525
-33560
-32297
-30625
-28180
-25010
-20985
-16421
-11778
-6416
-872
4446
9132
12449
14371
13707
10477
5697
-454
-7538
-14753
-22113
-29449
-35990
-42529
-48672
-53852
-59224
-64404
-70033
-76350
-82536
-89025
-94184
-98020
-101228
-103688
-106416
-108855
-111540
-114426
-116853
-118857
-119509
-119467
-118629
-116939
-115408
-113497
-111494
-109930
-108348
-107089
-106088
-104431
-102514
-99993
-96225
-92172
-88337
-85741
-84978
-85928
-89501
-95274
-102520
-111564
-121540
-131397
-140751
-149064
-155305
-158916
-160438
-160482
-160334
-160547
-160466
-159962
-159091
-157707
-155798
-152880
-148817
-143793
-137739
-131290
-124827
-118979
-113780
-109371
-105871
-103227
-101417
-99833
-98813
-98109
-97636
-97507
-97577
-97781
-98284
-98943
-100142
-102504
-105179
-108942
-113909
-118688
-123622
-128589
-133159
-137874
-142633
-146784
-149817
-151148
-150159
-146819
-140737
-132665
-123398
-113126
-103594
-94851
-86520
-78538
-71208
-64715
-59306
-55864
-52823
-50939
-51266
-53381
-58280
-65330
-74149
-83740
-92698
-100942
-108055
-113658
-117936
-121378
-123698
-124392
-123855
-122242
-120275
-118921
-117307
-114689
-110775
-105749
-100179
-94397
-89054
-85214
-82881
-81185
-79759
-79207
-79732
-80241
-81066
-81901
-82597
-83113
-83137
-83439
-84573
-86443
-88619
-91969
-96605
-102063
-106433
-110053
-112457
-112014
-110779
-107033
-101942
-96237
-87959
-79073
-69118
-58815
-48376
-37546
-26758
-14214
-1464
12769
28994
45273
62405
78491
93162
105480
114727
122631
128404
132111
135193
137413
139224
141185
141615
141067
139266
135478
131269
125555
118151
110583
102051
92276
82556
72050
61321
51228
41017
32965
26771
20839
16300
12855
10298
9423
9281
8964
9975
11929
14764
19486
24839
30708
36476
42240
48143
54511
61487
68286
75518
81952
88175
93473
97843
103206
108099
113548
119115
124138
129088
131983
133964
135169
134091
132193
129149
124064
118637
112529
105754
99486
92296
86099
81003
75515
72045
68973
66274
64720
63362
63782
64983
66777
70311
74803
81390
89745
98245
107193
115442
122831
129461
135012
140192
145223
149591
153944
158695
161410
162921
163254
161604
160059
157391
153866
149785
144364
139128
133288
126928
119859
111089
101510
90912
80432
70618
60664
52135
44851
37931
32704
28568
25633
24261
23288
23167
23716
24203
25003
26375
28067
30619
33331
36400
40300
44143
48538
52250
55127
56910
57113
57584
57359
56949
58260
60703
64117
68189
72729
78378
84241
90341
96552
100924
103887
105269
105202
104897
104368
103643
103280
103406
103429
104195
105028
105245
105093
104697
104422
103973
103332
102585
101893
100482
98866
97434
95743
94363
93107
91351
88958
86222
82605
78868
74638
69054
64171
60010
56653
54767
53965
54974
56846
59195
62362
64623
66522
68967
71325
74136
78888
84739
90404
96525
102044
105871
108372
109640
108675
105790
101731
96462
90548
84017
77357
71277
65555
59434
53613
48202
41601
34522
28277
21661
14342
7925
2875
-1378
-3983
-4465
-4506
-3146
-868
1181
4308
7418
10680
14078
16965
20427
23839
25989
28264
29445
28764
28529
27069
26646
27552
28133
30740
33488
36995
40657
43428
46588
49115
50836
51183
50253
47693
44151
39341
33913
29321
24134
21280
19954
18548
19070
19156
19612
20905
21206
22427
23838
24402
25810
27510
28873
30035
30012
29231
27969
25080
22040
19129
15574
13212
11048
8756
7092
4694
2753
528
-2326
-4347
-7445
-11283
-15305
-19741
-23597
-27021
-30050
-32536
-34799
-37031
-38249
-38270
-37486
-35926
-33658
-31001
-27867
-23562
-19177
-14607
-9752
-6086
-2710
31
379
-39
-1604
-5700
-9907
-14851
-20733
-25944
-31030
-35168
-39759
-44387
-48349
-53555
-57481
-61450
-66321
-69160
-71406
-72475
-71614
-69289
-64668
-58821
-51953
-44545
-37546
-31499
-27070
-23916
-22304
-21582
-21826
-22313
-22365
-23015
-23023
-22512
-21736
-20626
-19963
-19350
-19362
-20614
-22541
-24788
-26693
-27691
-27858
-27047
-25495
-23464
-21260
-19668
-17356
-14831
-13268
-10627
-8395
-6699
-4829
-3718
-2802
-2912
-4001
-5867
-8328
-10846
-13360
-15642
-17274
-18896
-20154
-20719
-21775
-22485
-23735
-25482
-27658
-31191
-34748
-39306
-44213
-49052
-54258
-58213
-61475
-63604
-64426
-65302
-66021
-66758
-67804
-68859
-69770
-71094
-72032
-72437
-72358
-71016
-69341
-66137
-62584
-58856
-54563
-51168
-47254
-43903
-40895
-37722
-35220
-33353
-31994
-30651
-29096
-26825
-24666
-22851
-21631
-21158
-21223
-22318
-23563
-25436
-28209
-30679
-33440
-36586
-39700
-42664
-45611
-48856
-50812
-52969
-54668
-54279
-54312
-52550
-50856
-50629
-49308
-48880
-48501
-47295
-45994
-44160
-41424
-37833
-33115
-27425
-20995
-13843
-7352
-1038
4945
9894
14243
17631
20074
21733
23058
24419
25284
26336
27674
27929
28722
29411
28627
27213
24928
22804
20517
18984
17910
16621
15887
13760
11497
8234
4279
837
-2967
-5772
-9437
-12422
-15211
-18761
-21047
-24106
-27033
-29359
-31618
-33093
-33991
-34470
-34449
-34854
-35273
-35325
-36303
-37365
-38736
-40150
-42063
-44200
-45789
-48353
-50426
-51902
-53177
-53662
-53491
-52644
-51531
-49849
-47813
-45068
-42085
-39164
-36004
-34064
-32561
-31839
-31985
-31706
-32368
-32486
-32038
-31718
-30291
-29006
-27560
-25963
-24827
-24022
-22771
-21056
-19925
-18108
-16288
-14728
-11890
-9287
-6909
-4039
-1402
2173
5574
8213
11605
13539
15513
18337
20351
23450
26787
30248
34243
38725
43003
46484
49635
51805
53149
53132
52542
51314
49800
47951
45729
44254
41728
39376
37288
34911
32525
29447
26464
22950
18949
14703
10768
6929
3181
424
-2461
-4699
-6245
-8002
-9313
-10644
-11670
-12314
-12923
-13642
-14107
-13694
-13688
-13348
-12495
-11735
-10532
-9142
-6763
-4290
-2345
-81
1983
3612
5213
6515
7872
9447
10807
12301
13854
15605
17918
20684
22884
25564
28330
30019
31870
32909
33207
32895
31571
29976
27726
25130
22801
20600
18808
16691
14803
13517
12072
10852
9315
8494
7742
6341
5634
4682
3889
3241
3013
3086
2963
3647
3949
4205
4872
5200
4543
3970
2878
548
-549
-2986
-5870
-7752
-10475
-12183
-13463
-14249
-14118
-14151
-13820
-13029
-12138
-11116
-9901
-8855
-8310
-8039
-8248
-9363
-10257
-11259
-13150
-14817
-16211
-17766
-18850
-18803
-18909
-18864
-18040
-17610
-17383
-17413
-17148
-17268
-17338
-16701
-17115
-17216
-17464
-18201
-18422
-18896
-19313
-19408
-19608
-19999
-19976
-19883
-19183
-17720
-16135
-14222
-12299
-10252
-7960
-5660
-3461
-1300
400
2105
3671
4688
6130
6907
7289
7502
7012
6382
4629
2762
761
-1540
-3061
-4484
-5238
-5425
-5245
-4636
-3910
-3232
-3080
-3185
-4030
-5226
-6267
-7369
-7393
-6729
-5274
-2980
-268
3068
5756
8320
10161
11051
11462
10798
10471
9849
9222
9165
8664
8545
8523
7969
7178
6075
4279
2556
531
-2362
-4653
-7616
-10686
-12354
-14352
-15971
-16375
-17166
-17308
-16800
-16919
-16284
-15898
-15478
-14796
-14442
-14063
-13967
-13472
-13465
-13733
-14318
-15411
-16145
-17021
-17392
-17365
-17209
-16951
-16611
-15436
-14514
-13345
-12180
-11615
-10399
-9567
-7916
-5731
-3894
-1452
349
2534
4795
6640
8735
10301
11855
13063
13967
15026
16077
17356
18390
19871
21245
21905
22768
23246
23168
22751
22665
22322
21657
20920
19833
19001
17715
16971
16559
15768
15520
14888
14426
14387
13935
14048
14030
13404
13005
12273
11689
11556
11353
11491
12057
12657
13040
13214
13375
13142
12816
12067
10154
8471
6166
3020
533
-1814
-3951
-5788
-7596
-9055
-10078
-11344
-12492
-12915
-13190
-13086
-12462
-11492
-9730
-7641
-5307
-2717
14
3191
6308
9388
12639
16030
18565
20962
23549
24671
25325
25573
25139
24333
23861
23551
22522
22421
22956
23190
23973
25106
26054
27329
28034
28688
29769
30158
30812
31492
32312
33478
34674
35404
36102
36806
36727
36561
35496
34341
32748
30569
28968
26931
25458
24504
23643
23363
22680
21987
21842
21553
21741
22156
22696
23386
24124
25028
25278
25906
26110
25980
25852
25064
23712
21649
19884
17409
14917
12655
9982
7624
4912
2757
1079
-525
-1422
-2212
-2647
-2693
-2967
-2754
-2338
-1753
62
1656
3319
5246
6473
7691
8355
8953
9229
9026
8868
8226
7714
6878
5895
5633
5479
5438
5779
6340
6901
7702
8584
9699
11169
12532
14115
15951
17866
19557
21177
22401
23355
24041
24388
25121
25236
25133
25365
24816
24293
24111
23469
23612
24088
24550
25521
26626
27909
29139
30614
31879
33078
34087
34848
35474
35779
36221
36652
36796
36892
36964
36369
35923
35589
35222
34976
34574
34252
33553
32701
31956
30875
29127
27232
24920
21826
18944
15725
12016
8677
5058
1212
-2347
-5584
-9194
-12609
-15517
-18717
-21396
-24352
-27288
-30206
-33286
-35748
-38530
-40835
-42584
-44247
-45344
-45821
-45637
-44806
-43501
-41797
-39550
-37298
-34772
-32098
-29262
-25873
-22270
-18724
-15474
-11657
-8343
-5110
-1656
1218
4489
7137
10098
12995
15273
17941
19846
21338
22360
22696
22696
22322
21950
21425
20634
20303
19679
18468
17871
16454
14988
13868
11974
10641
8922
6971
5117
3101
1292
-561
-2012
-3309
-4288
-5233
-5911
-6380
-7003
-7347
-7480
-7267
-7293
-7052
-6838
-7407
-7357
-7533
-8256
-8671
-9759
-10784
-12034
-13861
-15670
-17742
-19844
-22226
-24417
-26346
-27875
-28997
-29719
-29686
-29455
-28874
-27762
-26691
-25561
-23743
-21847
-19884
-17250
-14445
-11850
-8755
-5861
-3496
-782
1539
3771
5896
8108
10167
11795
13392
14600
15775
16333
16690
16788
16245
15672
14936
13807
12490
11491
10745
10654
10982
11987
13877
15818
17991
20155
21959
23040
23977
24554
24032
23346
21835
19869
17415
14446
11672
8358
4993
1394
-1739
-4916
-7786
-9731
-12433
-14227
-15831
-17797
-18941
-20022
-20596
-21057
-21316
-21104
-21160
-21012
-20986
-20701
-20476
-21419
-21873
-23069
-25225
-26791
-28577
-30045
-30908
-31392
-31787
-31444
-30663
-29878
-28596
-26964
-25030
-23215
-21311
-19603
-18262
-16996
-15876
-15322
-14638
-14442
-14818
-14956
-16016
-16737
-17584
-18277
-18248
-18280
-17837
-17622
-17285
-17528
-17817
-17855
-18069
-17726
-17311
-16302
-15393
-14416
-12837
-11697
-10344
-8841
-7999
-7374
-6936
-6898
-7361
-7507
-7332
-7308
-6582
-5350
-3997
-2263
139
2145
3988
6023
6588
6698
6982
6249
5288
3964
2473
992
-603
-1466
-2505
-2637
-2373
-2164
-1512
-1163
-681
-825
-460
-68
-560
-398
-385
-880
-1486
-2184
-2954
-4561
-5965
-7632
-9943
-11619
-13702
-15855
-18198
-20325
-22204
-24122
-25348
-26645
-27633
-29273
-30770
-31875
-33526
-34339
-35375
-36518
-37514
-37943
-38384
-39113
-38950
-39363
-39184
-38717
-38578
-38686
-38863
-38455
-38921
-38928
-38569
-38463
-37704
-36419
-35113
-33687
-31516
-29755
-28162
-26034
-24274
-22245
-19717
-17447
-14859
-11859
-9112
-6618
-4026
-1856
-404
735
1304
1765
1989
2051
2311
2411
2704
2716
3136
3551
3599
4099
4436
5055
5724
6492
7496
8424
8909
9679
10406
10495
11178
11544
11670
11197
10438
9619
7934
6474
4839
3184
1710
45
-1667
-3549
-5000
-6171
-7543
-7980
-8077
-8299
-8001
-7659
-7325
-6849
-6404
-6226
-5839
-5945
-5573
-5037
-4854
-3866
-3444
-2993
-2584
-2230
-1968
-1975
-1682
-1912
-1575
-1147
-690
464
1087
2153
3157
3842
4608
4803
4968
4451
3752
3427
2747
2335
2293
2135
2376
3289
4191
5368
7055
8808
10715
12428
14344
16415
18107
20030
22295
24522
26315
28572
31084
32916
35248
37540
39284
41061
42337
43438
44654
45797
47343
48740
50128
51744
52591
53331
53307
52647
52028
50098
48048
45871
42851
39956
36925
33808
30902
28293
25801
22931
20611
18578
16178
14088
12283
10788
9025
7875
6994
6183
6300
5831
5918
6246
6034
6169
5806
5695
5500
4716
4912
4920
4302
4854
5627
5859
6401
7408
8260
8807
9933
11286
12655
13932
15765
17783
19489
21868
23789
26197
27897
29258
31530
32436
33878
35364
36196
37608
38763
39525
40234
40905
41554
42071
41754
42415
43294
42817
44018
44202
43916
45073
44051
43745
43493
42020
41395
39793
38411
37665
36378
35564
35090
34416
33744
33546
32952
32147
32037
31027
30094
29361
27646
26795
25045
22915
21845
19403
17588
15760
13789
12576
10432
9356
7282
5018
4159
2086
684
-531
-1976
-2667
-3448
-4030
-3867
-3461
-3295
-2415
-1479
-974
-131
786
1530
1903
2997
3510
3220
4102
3970
3871
4012
3422
3416
2796
2317
1822
977
549
-171
-1191
-1781
-2658
-3182
-3590
-4597
-4287
-4768
-4868
-4361
-4343
-3402
-2547
-1317
-100
1207
2416
3785
4871
5814
7142
8429
9928
10586
12214
13278
13973
15151
14895
15825
15717
15289
15269
13755
13276
11384
9247
7768
4722
2004
-1383
-4783
-8348
-12611
-16067
-19695
-22566
-25543
-28136
-29997
-32278
-32686
-33304
-33536
-32367
-31580
-29960
-28968
-27143
-25783
-25666
-24451
-25095
-25340
-25756
-26752
-27366
-29021
-29355
-30832
-31985
-32152
-33667
-34409
-35170
-36500
-37575
-38327
-39874
-40827
-40972
-41630
-41963
-42150
-42492
-43085
-43477
-43901
-43915
-43894
-43482
-42796
-41483
-39071
-37426
-34427
-31351
-28413
-24962
-22208
-19097
-16600
-13408
-10828
-9367
-6934
-5518
-4419
-2961
-2034
-1315
-692
-278
38
218
-284
-209
-952
-2008
-2801
-4675
-5741
-7634
-9383
-10477
-12391
-13859
-15180
-17210
-19131
-20520
-22621
-24493
-26309
-27944
-29250
-30533
-31379
-32039
-32507
-32927
-32777
-32730
-32314
-31786
-31152
-30151
-29258
-27934
-26668
-25199
-23887
-22303
-21118
-19741
-18450
-18020
-16929
-16789
-16416
-16212
-16751
-16824
-17175
-17437
-17574
-17531
-17624
-17372
-16988
-16964
-16268
-15565
-15499
-14855
-14019
-13811
-13416
-12826
-12498
-12214
-11729
-10913
-10208
-9368
-7972
-7079
-5917
-4836
-4247
-3206
-3001
-2645
-2447
-2800
-2571
-2843
-2908
-3064
-3287
-3277
-3612
-3557
-3736
-3523
-3123
-3164
-2656
-2320
-1689
-626
496
1996
3444
5129
6705
8522
10245
11741
13779
15169
16690
18720
19730
21066
22636
22486
22911
22716
21737
21897
20642
20302
19859
18673
18902
18134
17728
17582
16968
17074
16327
15649
16102
15331
14839
14921
14357
13916
13188
12712
11230
10354
9651
7683
6891
5449
3578
2776
1835
246
-412
-1199
-2228
-2537
-3545
-3611
-3724
-3977
-3504
-3668
-3355
-2840
-2894
-2331
-2044
-2141
-1969
-2039
-1792
-1853
-1586
-1777
-1520
-738
-1162
-238
194
558
1334
1747
3033
3280
3775
4437
4730
5079
5601
6378
6431
7804
8452
8689
10247
10567
11208
11847
11872
12133
12548
12590
12519
13055
12880
13413
14191
14402
15403
16260
16892
17594
18631
19683
20401
21394
22368
23121
23997
24744
25344
26099
27078
27660
28270
29015
29453
30119
30028
30012
29875
29081
28831
28325
28162
28396
28025
27926
28159
28003
27674
27491
27323
26565
26150
25786
24759
24105
23398
22392
21271
20554
19648
18494
17488
16654
16062
14894
13992
12973
11592
10490
8857
7214
5981
4383
3342
2340
1420
1372
937
729
739
871
963
977
1106
1238
1424
1843
2198
2119
2775
2925
3160
3675
3856
4197
4085
4489
4690
4767
5014
5366
5722
5685
6028
5980
6080
6293
6095
6348
6367
6551
6965
7340
8252
8922
9510
10473
11400
12091
12622
12929
12933
12993
12762
12312
12062
11534
11126
10554
9643
8715
7785
6868
5245
4181
3183
1577
689
-251
-1296
-2095
-3047
-3994
-5063
-6243
-7668
-9386
-10982
-12876
-14719
-16639
-18535
-19941
-21498
-22836
-23725
-24401
-24717
-24837
-25136
-24745
-24555
-24353
-23294
-23452
-22709
-21713
-21626
-20383
-19634
-18591
-17349
-16452
-15102
-14484
-13667
-13131
-12866
-12027
-12058
-11287
-10488
-10720
-9802
-9359
-9524
-9302
-9375
-9479
-9720
-10184
-10537
-10654
-10685
-11015
-11213
-11162
-11208
-11163
-11722
-11626
-11517
-12172
-11985
-12414
-12516
-12282
-12951
-12946
-13170
-13453
-13343
-13325
-12849
-12580
-11922
-11496
-10908
-10289
-10801
-10105
-10194
-11032
-10548
-10873
-11459
-11566
-11707
-12528
-13111
-13688
-15091
-15497
-16907
-18137
-18893
-20323
-20918
-22827
-23731
-24503
-26453
-26879
-27822
-28444
-28516
-28984
-28469
-27961
-27994
-27071
-26006
-25911
-24764
-24036
-23690
-22447
-22023
-20719
-19841
-19530
-17838
-16764
-15804
-14307
-12912
-11616
-10375
-9072
-7718
-6598
-5673
-5009
-4351
-3606
-3560
-2949
-2664
-2996
-2382
-2346
-2924
-2965
-3195
-3396
-3314
-3329
-2782
-2228
-1277
-299
476
1650
2442
3609
5018
6279
7793
9272
11086
12548
13682
15497
16510
17261
18295
18523
19334
20118
19924
20920
21460
21387
22208
22497
22465
22248
22316
21984
21252
20929
20753
20404
20185
20397
20714
20982
21745
22848
23383
24378
25564
27030
28301
29411
30929
32214
33108
34015
34998
34775
34900
34725
33854
33458
32221
31362
30844
29636
29111
28564
28026
27643
27247
27160
26550
26867
26508
26122
26026
25404
25790
25400
25741
26103
26199
26866
27606
28197
28247
29284
29629
29750
30406
30883
31174
31354
31447
31458
31904
31577
31737
31425
31246
31752
30831
30687
30244
29672
29220
28263
27813
27061
26209
25382
24827
24090
23694
23447
23252
23773
24102
24914
25799
26677
27613
28487
29453
30142
31293
31863
31976
32984
33278
33081
33616
33613
33551
33741
33327
33037
32874
32454
31819
30933
30204
29078
27778
26792
25418
23926
22252
20815
18923
17273
16063
14106
12837
11412
9949
8610
7240
6255
4911
3967
3317
2305
2001
1728
1473
2096
2285
3208
4370
5144
6827
7966
8965
10408
11391
12529
13091
13692
14091
14040
14250
13918
14244
13798
13744
13889
13175
13338
12626
11803
11217
9970
8510
7301
5957
4576
3334
2440
1947
1091
992
859
596
798
627
748
946
1328
1574
2039
2968
3435
4712
5690
6761
8209
8915
10410
11374
12159
13221
14150
14892
15394
16092
16128
16460
16565
16144
15842
15273
14347
13346
12054
10482
9152
6966
4865
2948
486
-1592
-4074
-6248
-8461
-10828
-12761
-14841
-16746
-18689
-19762
-21162
-22354
-22431
-22753
-22649
-22496
-21575
-20501
-19802
-17830
-16339
-14593
-12377
-10265
-7886
-5961
-3302
-1688
161
1877
2578
3935
4573
4957
5741
6635
6905
7999
8517
8916
10073
10232
10949
11901
12513
12943
13545
13667
13704
13681
12969
12120
10904
9162
7467
5401
2899
904
-1748
-4056
-6187
-8445
-10371
-12160
-13892
-15577
-16623
-18147
-19138
-19842
-20742
-20929
-21080
-21163
-20552
-20459
-19816
-18919
-18917
-17642
-17028
-16774
-16044
-15506
-15050
-14715
-13852
-13171
-12305
-11123
-10071
-8890
-7542
-6035
-4169
-2641
-824
1222
2207
3741
5016
5491
6255
6092
6092
5717
4884
4571
3083
2224
1277
-696
-2135
-3844
-5353
-7132
-8962
-10538
-12411
-13892
-15495
-17264
-18451
-19644
-20975
-21494
-21745
-21456
-21043
-19952
-18187
-17124
-14961
-13493
-12049
-9891
-8752
-7146
-5974
-4567
-3319
-2718
-1505
-949
-307
251
667
1230
1106
1520
1283
664
237
-566
-1327
-2547
-3377
-4298
-5439
-6530
-7132
-7727
-8770
-9144
-10018
-10901
-11059
-11939
-12560
-12645
-13099
-13077
-12979
-12760
-12169
-11315
-10561
-9580
-8054
-7266
-6087
-5085
-4007
-3013
-2947
-2235
-2850
-3231
-3625
-5247
-6282
-7834
-9803
-11622
-13437
-15746
-17929
-19745
-21840
-24202
-25815
-27409
-28655
-29558
-30363
-30242
-30108
-29094
-28235
-26633
-24780
-23320
-21102
-19582
-17847
-15855
-14220
-12289
-10352
-8390
-5955
-4122
-1934
252
1619
3149
4190
4777
4694
4373
3454
1785
48
-2196
-4788
-7453
-10062
-12795
-15160
-17348
-19482
-21585
-23707
-25108
-26973
-28368
-29875
-32153
-32943
-34810
-37176
-38840
-41397
-43928
-46899
-49919
-53108
-56619
-59791
-63076
-65854
-68536
-70859
-72741
-74751
-75959
-77334
-78498
-79057
-79467
-79535
-79514
-78093
-76962
-75827
-73189
-70997
-68263
-65010
-62280
-58879
-55479
-52694
-49407
-46579
-43997
-41321
-39354
-37041
-35063
-33651
-32005
-30794
-29980
-29055
-28354
-28068
-27758
-27549
-27661
-27750
-27629
-28119
-28562
-28341
-28892
-29256
-29094
-29242
-29517
-29260
-29252
-29391
-28825
-29058
-28482
-27907
-27584
-26481
-25798
-24658
-23149
-21650
-20363
-18873
-17401
-15789
-14420
-13194
-11881
-11153
-10673
-10314
-10402
-11546
-12210
-13913
-15835
-17341
-20150
-21707
-23603
-25433
-26222
-27512
-27796
-27582
-27833
-27292
-26795
-26569
-25274
-24893
-24208
-22958
-22376
-20829
-19516
-18214
-16239
-14525
-12702
-10911
-9000
-6726
-5261
-3137
-1432
488
2800
4275
6994
8565
10723
13030
14718
16975
18662
20699
22266
23551
24960
26198
26666
27284
27821
27834
27647
27175
26504
25234
23987
21964
20216
18198
15691
13628
11178
9400
7292
5470
4568
3495
2897
3226
3405
3742
4679
5298
6363
6958
7791
8776
9285
10310
11039
11928
12653
13465
14225
14957
15604
16087
16765
16734
17580
17611
17264
17956
17604
17373
17026
16675
15895
15169
14587
13460
13314
12214
11495
11339
10746
11383
11022
11391
12798
13498
15384
17140
18978
21410
23789
26207
28545
30772
32433
34257
35298
36168
36740
36295
36476
35837
34898
33890
32690
31714
29741
28564
27186
25377
24409
22986
22060
21345
20715
20530
20242
20146
20344
20229
20031
20251
19692
19359
18935
18439
18292
17502
17794
17201
17461
18179
17589
18751
18542
18694
18998
18982
19297
18877
19773
19737
20453
21304
21725
22874
23870
25293
26198
27779
28831
29873
31611
32665
34138
35281
36647
37781
38943
40740
41723
43202
44527
45573
46901
47692
48397
48666
48739
48595
47998
47417
46252
45285
44559
43287
42244
41036
39831
38644
37365
36623
35524
34428
33821
33079
32524
31935
31923
31787
30891
30993
30855
30640
31209
30992
31501
31977
32125
32893
32906
33364
33440
33481
33373
32951
32686
31765
31135
29795
28959
27670
25706
24693
22542
20860
19394
17320
16113
14381
13396
12169
10744
10709
9223
9239
8877
8291
9204
8716
10437
10904
11824
13508
13912
16240
16925
18297
19887
20780
22268
23242
24605
25571
26257
27342
27837
28076
28784
28326
28513
28402
27662
27734
27063
26890
26467
26007
25664
25301
24922
24259
24521
23678
23094
22989
21464
20763
19825
18428
17501
15838
14490
13299
11769
10535
9219
7795
6207
4747
3193
1410
-346
-2220
-3973
-5548
-7145
-8226
-9321
-10407
-10747
-11146
-10842
-10509
-9986
-8662
-7293
-5646
-3991
-1728
74
1882
3534
4920
6567
7122
8286
8751
9048
9600
9381
9795
9844
10038
10085
10435
10459
9895
10357
9853
9309
9151
8575
8715
8449
7945
7655
7401
7382
6769
6527
6295
5793
5517
4751
4413
3717
2943
2570
1698
1173
491
-278
-780
-1377
-1951
-2656
-2992
-3691
-4188
-4363
-5235
-5031
-5273
-5908
-5487
-5505
-5839
-5987
-5851
-6396
-6774
-6755
-7391
-7497
-7448
-7607
-6930
-5979
-5541
-4521
-3001
-1668
-149
1188
2505
3886
4744
5326
5783
5770
5530
4734
3792
2701
1238
266
-1753
-3305
-4423
-6842
-8228
-9714
-11630
-12851
-13958
-14924
-15414
-15703
-15768
-15266
-14727
-13602
-12807
-12205
-10622
-9624
-8893
-7707
-7011
-6160
-5374
-5188
-4508
-3941
-3364
-2913
-2940
-2481
-2038
-1919
-1820
-1901
-2040
-1971
-2624
-2933
-3475
-4384
-4369
-5412
-5978
-6246
-6935
-7194
-7873
-8097
-8392
-9358
-10076
-10802
-11716
-12509
-13630
-14828
-15946
-17365
-18838
-20018
-21299
-22626
-23601
-24739
-25800
-26673
-27377
-28088
-28693
-29049
-29554
-29733
-30055
-30133
-30087
-30203
-30055
-30416
-30524
-30732
-31460
-31978
-32592
-33615
-34478
-35264
-36298
-37069
-37897
-38384
-38933
-39578
-39545
-39729
-39867
-39464
-39702
-39510
-38706
-38459
-37611
-36987
-35896
-34456
-33528
-31712
-30104
-28371
-26249
-24625
-22421
-20183
-18528
-16365
-14828
-13216
-11377
-10697
-9853
-9289
-9185
-9490
-9673
-10040
-11576
-12511
-13231
-14880
-16327
-17746
-19494
-20749
-22306
-23551
-24498
-25787
-26196
-26846
-27620
-27593
-27666
-27464
-27018
-26453
-25818
-25289
-24210
-23312
-22366
-21231
-20213
-18849
-17607
-16333
-15079
-13618
-12186
-10966
-9067
-7501
-6368
-4681
-2865
-1578
-427
1136
1858
2714
3813
4091
4939
5208
5414
5546
5330
5575
4651
3984
3587
2681
1803
1346
619
-545
-815
-1535
-2185
-2535
-3107
-3306
-3741
-4163
-4204
-4343
-4399
-4096
-3829
-3300
-2820
-2188
-1668
-1706
-546
170
114
970
1589
2201
2765
3468
4394
4954
5701
6567
7337
7901
8449
9128
9855
10373
10544
10821
11389
11918
12058
12403
12510
12744
12847
12388
12570
12205
11773
11436
10873
10376
9423
8466
7739
6749
5468
4511
3366
2456
1373
209
-572
-1857
-2843
-3481
-3964
-4343
-4295
-3857
-3577
-2564
-1310
-407
1054
2624
3937
5621
6825
7966
9565
10345
11211
12169
12562
13442
14047
14502
15315
15645
16269
16803
17091
17242
17031
17004
16348
16058
15437
14274
14039
13030
12103
11654
10828
9978
9045
8174
7236
6283
5303
4334
3262
2425
1618
512
-43
-889
-1913
-1985
-2557
-3047
-3032
-3320
-3300
-3426
-3137
-2878
-3019
-2539
-2376
-2438
-2152
-2310
-2517
-2418
-2461
-2816
-3033
-2728
-2809
-2726
-2450
-2133
-1655
-1444
-654
-93
783
2378
3540
5097
7121
9150
11378
13769
16121
18483
20926
23266
25578
27568
29713
32068
33464
35076
36744
37643
38726
39268
39401
39534
39211
38849
38086
37211
36225
34891
33495
32077
30679
29174
28030
26509
25205
23971
22659
21719
20282
19195
18135
17053
16242
15564
14884
14387
14329
14436
14371
14538
15269
15360
15890
16367
16769
17703
17941
18720
19491
20114
20891
21517
22104
22536
23271
23611
23776
24017
23951
23724
23460
22787
21892
20700
19428
18548
16849
15475
14255
12857
11699
10142
9396
8124
6818
6196
5263
4725
4032
3472
3488
3322
3044
3318
3372
3414
3907
4255
4726
5364
5962
6838
7780
8414
9485
10348
11093
11963
12616
13088
13379
13904
13816
14037
13947
13609
13779
13211
13489
13430
13327
13473
13141
13370
13024
12790
12192
11761
11406
10630
9816
8913
8370
6951
6192
5409
4273
3643
2631
2006
1571
1244
815
509
560
848
979
1254
2123
2323
2742
3703
4168
4763
5481
6106
6333
6638
7178
6898
6844
6484
5997
5556
4601
4101
3037
2289
1558
280
-470
-1331
-2369
-2951
-3616
-4504
-4794
-5161
-5587
-5745
-5949
-6278
-6246
-6513
-6822
-6596
-6897
-7156
-7155
-6930
-7301
-7572
-7556
-8038
-8184
-8622
-8760
-9345
-9684
-9459
-10248
-9981
-9900
-10289
-9597
-9456
-9057
-8485
-8335
-7513
-6612
-5801
-4977
-3817
-2722
-1973
-581
449
1141
2107
2827
3374
3821
4439
4995
5470
5903
6423
6879
7370
7930
8114
8597
9033
9417
9979
10368
11104
11929
12574
13700
14730
15646
16867
17856
18991
20019
20982
22159
22984
23940
24598
25061
25991
26157
26425
26797
26552
26740
26487
26053
25868
25154
24427
23414
22291
21397
20223
18923
17567
16365
14873
13726
12494
11149
10795
9236
8144
8120
7196
6505
5824
5490
5086
4312
3925
3037
2328
1706
673
-181
-974
-1684
-2825
-3456
-4005
-5010
-5482
-5947
-6069
-6532
-6651
-6403
-6706
-6324
-6503
-6555
-6236
-6555
-6627
-6592
-6556
-6906
-6847
-6980
-7133
-7085
-7328
-7026
-7359
-7327
-7319
-7342
-7138
-7718
-7860
-8062
-8294
-8969
-9540
-10083
-11233
-11586
-12676
-14015
-14432
-15462
-16365
-17121
-17941
-18413
-19071
-19670
-20561
-20737
-21497
-22231
-22191
-23082
-22665
-23197
-23096
-22195
-22599
-21020
-20744
-20341
-18487
-18101
-17096
-16077
-15243
-14503
-13672
-12846
-12726
-11765
-11405
-11261
-10542
-10250
-9732
-9124
-8403
-7724
-6794
-5587
-4749
-3659
-2776
-1941
-733
-383
242
1187
1167
1382
1921
1755
1619
1882
1672
1456
1666
1505
1318
1394
1304
1372
936
886
1310
762
577
894
509
-27
310
-417
-961
-949
-1953
-2156
-3070
-3488
-3667
-4515
-4568
-5117
-5374
-5720
-5874
-6019
-6587
-6439
-7027
-6951
-7129
-7605
-7034
-7836
-7722
-7630
-7502
-7244
-7404
-6427
-6795
-6222
-5625
-5699
-4953
-4921
-4530
-4334
-4467
-4621
-4352
-4374
-4859
-4772
-5147
-5286
-5461
-5685
-5887
-6425
-6576
-6493
-6754
-7297
-7145
-7275
-7230
-7282
-7396
-7192
-7730
-6992
-6902
-7441
-6860
-6978
-7000
-6797
-6649
-6598
-6307
-6029
-6100
-5706
-5418
-5109
-4719
-4331
-4031
-3879
-3391
-3218
-2957
-2426
-2394
-2030
-1561
-1459
-983
-387
-534
-290
303
371
595
1047
1495
1363
2017
2531
2749
3443
3648
4091
4481
4789
4899
5314
5153
4873
5348
5034
4943
5060
4887
4771
4240
4293
4054
3287
3063
2190
1778
1231
732
281
-729
-589
-1448
-2028
-2294
-3472
-3557
-4221
-4967
-5902
-6528
-6864
-8395
-8890
-9405
-10456
-11074
-11462
-12333
-12884
-13070
-13585
-13745
-14115
-13954
-14402
-14431
-14020
-14254
-13527
-13370
-12726
-12223
-12070
-10665
-10406
-10026
-9333
-8878
-8259
-8250
-7636
-6927
-6578
-6157
-5739
-5465
-5069
-4525
-4236
-3812
-3204
-2680
-2357
-2158
-1606
-1346
-1061
-689
-1099
-595
-576
-1100
-694
-1016
-1144
-1434
-1850
-1668
-2409
-2657
-2741
-3563
-4036
-4530
-5275
-6051
-6754
-7940
-8657
-9394
-10519
-11375
-12405
-12791
-13466
-14405
-14810
-15170
-15540
-15917
-15915
-16063
-15934
-15667
-15748
-15042
-14857
-14325
-13404
-13152
-12316
-11710
-10971
-10123
-9351
-8545
-7193
-5902
-5160
-3640
-1972
-372
762
2479
4490
5660
7308
9189
10914
12562
14139
15808
17217
18383
19708
20652
21447
22390
22798
23203
23602
23611
23786
23456
23153
22640
21858
21525
20532
20194
19300
18196
17775
16421
15742
14903
13608
13023
12180
11407
11270
10757
10368
10586
10435
10570
11074
11129
11685
12284
12653
13498
13486
14099
14640
14494
15517
15424
15787
16270
16216
17330
17464
17959
18923
19521
20094
20804
21730
22258
22996
23096
23233
23631
23478
23696
23303
23148
23256
22513
22736
22155
21614
21901
21031
20829
20590
20007
20052
19746
19314
19168
18842
18449
18077
17589
17229
16977
16376
15966
15741
15474
15376
15210
15411
15410
15658
16072
16293
16947
17379
18120
18674
19551
20489
20657
21853
22620
23065
23707
24175
24646
25065
25655
25641
26268
26662
26694
27004
27172
27308
26974
26989
26792
26472
26189
25945
25783
25530
25459
25284
25236
25086
25092
25243
24875
24549
24504
24042
23515
22934
22290
21656
20803
20147
19230
18251
17654
16739
15599
14924
14023
12851
12203
11254
10302
9721
8796
8079
7351
6872
6353
5432
4896
4176
3948
3204
2430
2265
1213
1124
549
-397
-189
-877
-1468
-1361
-1973
-2451
-2437
-3014
-3164
-3140
-3165
-3401
-3523
-3289
-3778
-3345
-3706
-3900
-3261
-3790
-3408
-3206
-3335
-3137
-2810
-2603
-2212
-1579
-1335
-383
184
821
1823
2373
3270
3852
4714
5076
5279
6203
5975
6794
6964
6561
7618
6997
7471
7644
6944
7847
7260
7073
7267
6796
6948
6648
6576
6946
6560
6353
7050
6616
6341
6899
6344
6030
5892
5581
5233
4761
4538
3648
3114
3234
2396
1533
1811
1437
453
761
568
142
3
-440
-61
-730
-1249
-811
-1467
-1770
-2065
-2757
-3302
-3957
-4521
-5729
-6607
-6907
-7993
-9131
-9845
-10765
-11516
-11891
-12865
-13429
-13725
-14766
-14931
-14790
-15315
-15487
-15403
-15619
-15682
-15114
-15201
-15496
-14743
-14801
-14697
-14113
-14008
-13386
-13123
-12604
-11761
-11068
-9981
-9181
-8058
-7022
-6105
-4434
-3623
-2768
-1356
-473
539
1438
2504
3521
4176
5076
5770
6169
6606
6730
6478
6483
6293
5683
5305
4507
3889
3675
2362
1547
1109
-319
-1157
-1889
-3252
-4282
-5228
-6744
-7745
-8972
-10694
-11545
-13102
-14515
-15258
-16780
-18093
-19046
-19994
-20972
-21834
-22323
-22764
-23028
-23272
-23181
-22864
-23050
-22565
-21883
-21784
-21301
-20868
-20417
-19917
-19639
-19289
-18980
-18789
-18575
-18431
-18222
-17718
-17777
-17580
-17093
-16986
-16667
-16583
-16609
-16570
-16464
-16735
-16927
-16959
-17302
-17450
-17698
-17734
-18030
-18203
-18216
-18667
-18840
-19057
-19226
-19754
-20094
-20171
-20709
-21192
-21472
-21473
-21823
-22229
-22015
-22075
-22128
-21683
-21546
-21147
-20926
-20496
-19952
-20071
-19161
-18381
-18214
-17572
-16656
-16064
-15400
-14465
-13812
-13229
-12694
-12121
-11772
-11089
-10725
-10545
-10132
-10380
-10352
-10649
-11140
-11572
-12695
-13505
-14758
-15853
-16658
-18300
-19405
-20819
-22430
-23658
-25224
-27037
-28569
-30070
-31757
-32866
-34499
-35609
-36289
-37520
-38009
-38297
-38736
-38987
-38724
-38705
-38642
-38418
-38474
-38463
-38639
-38587
-38868
-39111
-39269
-39514
-39539
-40062
-40134
-40188
-40542
-40526
-41028
-41219
-40885
-41092
-41384
-41320
-41107
-41173
-41263
-41052
-40966
-40883
-40525
-40359
-40153
-40108
-40137
-39862
-40083
-39865
-39860
-40366
-40042
-39975
-39998
-39599
-39366
-39352
-38903
-38315
-38131
-37463
-36851
-36450
-35738
-35322
-34571
-33975
-33608
-32782
-32195
-31608
-30936
-30242
-29584
-28544
-27683
-26957
-25932
-25226
-24204
-23274
-22587
-21718
-20933
-20408
-19672
-19182
-18915
-18398
-18415
-18189
-18015
-18116
-18499
-18740
-18507
-19679
-20081
-20173
-21056
-21227
-22073
-22605
-22863
-23569
-24021
-24294
-24818
-25116
-25492
-25813
-25619
-26073
-25785
-25507
-25543
-24903
-24527
-23781
-23174
-22299
-21376
-20836
-19217
-18112
-17224
-15610
-14148
-12636
-11286
-9522
-7528
-5921
-4410
-2473
-377
1227
3221
5198
7063
9209
11120
13235
15206
17204
19415
21289
23341
25439
27181
29143
31167
32768
34788
36589
37826
39500
40922
42121
43125
44392
45460
45973
46938
47718
48579
49079
49929
50899
51288
52236
52881
53564
54430
55004
55606
56517
57227
57859
58767
59570
60635
61461
62079
63147
63911
64325
65086
65486
65805
66166
66461
66822
66905
67041
67202
67502
67494
67361
67790
68023
67918
68086
68469
68580
68619
68945
69038
69473
69821
69880
70623
71044
71659
72345
72624
73328
74051
74476
74816
75181
75310
75559
75875
76010
75991
75903
76036
76004
75910
75717
75490
75540
75356
75183
75234
75207
75272
75140
75018
75153
74886
74861
74611
74272
74522
73881
73471
73128
72616
72288
71613
71523
71079
70924
70969
70513
70975
71248
71039
71685
72089
72146
72709
72939
73296
73760
74019
74167
74447
74872
74840
75144
75259
75113
75132
74988
74864
74787
74654
74133
73835
73411
72867
72430
71469
71082
70524
69097
68526
68115
66943
65908
65261
64401
63293
62532
61748
60524
59501
59149
57904
56516
55877
54564
53501
52303
51220
50017
48679
47726
46076
44980
43824
42384
40597
39058
37818
35961
34593
32755
31358
29635
27676
26566
24584
23084
21659
20062
18761
17265
16394
15127
13914
13213
12003
11079
10164
9253
8515
7596
6817
6134
5479
4887
4395
3974
3756
3172
3008
3039
2456
2662
2619
2645
2862
2620
2904
2871
2905
3005
2775
2653
2435
2261
1918
1822
1344
628
528
-208
-473
-797
-1542
-1428
-2247
-2821
-2783
-3878
-4521
-4937
-6134
-7144
-8310
-9806
-10972
-12229
-14346
-15940
-17378
-19252
-20797
-22969
-24629
-26285
-28196
-29790
-31428
-33108
-34689
-35929
-37649
-38589
-39880
-41445
-42092
-43317
-44345
-45134
-45935
-46510
-47549
-47806
-48110
-49239
-49041
-49751
-50341
-50378
-51281
-51195
-51588
-52135
-52306
-52840
-53541
-53781
-54324
-55137
-55260
-56195
-56829
-57225
-57904
-58163
-58930
-59639
-60273
-60941
-61718
-62521
-63111
-63910
-64568
-65397
-65828
-66407
-67270
-67257
-67814
-68264
-68177
-68515
-68172
-67860
-67916
-67301
-66934
-66837
-66651
-66279
-66072
-66554
-66443
-66473
-66839
-67093
-67275
-67211
-67690
-67608
-67644
-67845
-67693
-67691
-67366
-67277
-66779
-66307
-65887
-65151
-64634
-63658
-63089
-62542
-61665
-61311
-60698
-60602
-60440
-60181
-60441
-60248
-60902
-61090
-61011
-61719
-61624
-62073
-62588
-62741
-63362
-63659
-64204
-64401
-64535
-65105
-64634
-64631
-64868
-64415
-64463
-64249
-63832
-63769
-63545
-63095
-62960
-62509
-62184
-61866
-61104
-61088
-60418
-59929
-59612
-58933
-58830
-58104
-57631
-57102
-56492
-56060
-55095
-54470
-53878
-53101
-52210
-51317
-50452
-49528
-48614
-47754
-46786
-45676
-44867
-43921
-42983
-41797
-40809
-39925
-38359
-37384
-36255
-34821
-33586
-32321
-31106
-29547
-28275
-26903
-25693
-24336
-22937
-22449
-21055
-20149
-19665
-18769
-18395
-17921
-17770
-17311
-17286
-17307
-17140
-17443
-17122
-17136
-17498
-17263
-17124
-17521
-17513
-17389
-17706
-17815
-17597
-17815
-17877
-17330
-17449
-17066
-16476
-16578
-15896
-15582
-15303
-14511
-14177
-13506
-12710
-11806
-10945
-9748
-8388
-7427
-5723
-4277
-2901
-1041
226
1817
3344
4581
6329
7633
8800
10205
11553
12901
13944
14956
15996
16815
17650
18239
18656
19116
18996
19279
19204
18628
18777
18198
17882
17406
16579
16466
15660
15127
14803
14102
13812
13331
13281
13168
12877
13159
13073
13450
13701
13952
14881
15022
15771
16670
17143
18245
18884
19820
20880
21675
22333
23401
24481
24993
26246
26737
27399
28192
28323
29167
29256
28987
29225
29034
28690
28268
27632
27184
26438
25718
25145
24320
23784
23122
22852
22436
21925
22122
21547
21847
22010
21663
22384
22198
22402
23018
23340
23632
24160
24842
25247
26012
26439
27279
28000
28542
29275
29963
30977
31386
32093
32817
33230
33736
34143
34579
34742
35287
35426
35383
35747
35694
35450
35129
35031
34526
34140
33611
32901
32437
31772
31484
30688
30370
30045
29482
29530
29569
29695
29661
30177
30541
31136
31949
32441
33206
33954
34787
35542
36349
36737
37546
38237
38749
39931
40191
40782
41564
42025
43110
43470
43845
44564
44681
45396
45761
45579
45956
46169
46163
46322
46117
45897
46116
45665
45369
44951
44216
43633
42808
42383
41524
40403
39446
38442
37594
36595
35500
34332
33321
32492
31178
30178
29128
27901
27338
25865
25339
24845
23252
23468
22807
22126
22520
22116
22514
22656
22619
23309
23568
23937
24395
24848
25074
25025
25496
25725
26053
26435
26856
27556
28010
28819
29436
30106
30818
31601
32459
32648
33456
34185
34365
35098
35137
35100
35540
35318
35456
35220
34613
34782
34536
33884
33400
33290
32927
32557
32366
31507
31169
30938
30315
29757
29170
28402
27478
26780
25886
24768
23540
22659
21284
20214
19233
17556
16847
15465
14091
13118
11671
10773
9922
8660
7543
7020
6250
5616
5466
5180
4857
4905
5420
5664
6183
6954
7518
8386
9178
10068
10953
11767
12434
13135
13837
14376
15016
14927
15345
15714
15527
15790
15715
15602
15342
15093
14990
14692
14180
13484
12749
12092
11283
10203
9120
7973
6899
5737
4493
3393
2189
746
-526
-1989
-3197
-4444
-6177
-7282
-8513
-9601
-10899
-12339
-13277
-14385
-15358
-16682
-17639
-18402
-19393
-19951
-20632
-21128
-21448
-21489
-21629
-21815
-21331
-21293
-20943
-20279
-19878
-19199
-18562
-17586
-16619
-15906
-15047
-13852
-13059
-12035
-10850
-10167
-8925
-8069
-7074
-6073
-5406
-4324
-3774
-3187
-2508
-2265
-1948
-1713
-1740
-1666
-1904
-2184
-2243
-2738
-2991
-3315
-3960
-4212
-4758
-5126
-5386
-6181
-6338
-6738
-7376
-7622
-8361
-8757
-9403
-10059
-10482
-11508
-11774
-12248
-12887
-13182
-13966
-14538
-15031
-15612
-16359
-17239
-18143
-18889
-19762
-20680
-21641
-22708
-23603
-24799
-25761
-26615
-27510
-28659
-29486
-30121
-31251
-31707
-32305
-32948
-33326
-33746
-34111
-34677
-35081
-35376
-35816
-36419
-36427
-36825
-37356
-37091
-37348
-37426
-37386
-37308
-37019
-37084
-36844
-36666
-36484
-36078
-35839
-35307
-34780
-34508
-33832
-33181
-32835
-32307
-31855
-31237
-31098
-30911
-30017
-30041
-29378
-28832
-29073
-28034
-27728
-27372
-26976
-26751
-25939
-25791
-25108
-24865
-24197
-23536
-23673
-22701
-22346
-22211
-21675
-21311
-21217
-20782
-20132
-19988
-19430
-18842
-18371
-17746
-17294
-16616
-15867
-15367
-14689
-14049
-13303
-12807
-12316
-11478
-11152
-10509
-9903
-9542
-9037
-8760
-8240
-7978
-7683
-7147
-6992
-6663
-6560
-6434
-6126
-6126
-5816
-5763
-5657
-5631
-5865
-5653
-5999
-6259
-6279
-6561
-6871
-7452
-7683
-8159
-8630
-9005
-9801
-10099
-10908
-11720
-12252
-13089
-13802
-14591
-15234
-16276
-17026
-17759
-18772
-19557
-20541
-21276
-22059
-22674
-23164
-23638
-24022
-24490
-24800
-24795
-25048
-25392
-25039
-25228
-25052
-24504
-24429
-23887
-23421
-22737
-22087
-21541
-20678
-19939
-19003
-17930
-16981
-15932
-14598
-13310
-12057
-10637
-9168
-7801
-6469
-4876
-3410
-1805
-145
1544
3327
4995
6755
8418
10115
11745
13274
14655
16134
17028
17876
19037
19571
19963
20554
20854
20596
21006
20799
20239
20013
19474
19000
17858
17269
16336
14968
14291
13004
11806
10804
9689
8630
7620
6667
5613
4656
3661
2834
1873
890
-32
-1058
-1884
-2843
-3572
-4478
-5313
-5779
-6672
-7235
-7973
-8668
-8890
-9935
-10144
-10204
-10897
-10536
-10666
-10644
-9730
-9500
-8834
-7882
-7227
-5795
-4999
-3772
-2456
-1250
229
844
2998
4137
5204
7152
7920
9592
10849
12225
13548
14675
16338
17030
18361
19390
20221
21533
21894
22796
23517
23949
24584
24869
25266
25539
25540
25555
25516
25259
24962
24621
24111
23425
22996
22261
21320
20628
19660
18709
17698
16617
15453
14073
12987
11659
10080
9047
7476
5928
4978
3318
2142
1116
-455
-1127
-2224
-3534
-3981
-5049
-6142
-6650
-7519
-8514
-9276
-9953
-10646
-11482
-11894
-12305
-13011
-13248
-13346
-13450
-13556
-13247
-12989
-12894
-11969
-11580
-10955
-9928
-9438
-8310
-7587
-6454
-5385
-4739
-3448
-2738
-1673
-884
-15
679
1238
2276
2386
3190
3702
4112
4680
4890
5696
5917
6451
7109
7459
8047
8560
9023
9328
10049
10602
10931
11751
12251
12857
13684
14235
15077
15808
16431
17218
17753
18131
18469
18751
19037
19010
18770
18839
18487
18028
17977
17447
17096
16734
16276
15956
15395
15372
14841
14558
14433
13882
14007
13757
13805
13573
13641
14096
13560
14035
14198
13858
14032
13779
13629
13135
12859
12560
12069
11674
11102
11025
10369
10069
10238
9662
9628
9541
9369
9830
9856
10082
10795
10968
11314
12177
12768
13283
13864
14271
14937
15383
15675
16307
16458
16732
16762
16912
17141
16615
16710
16170
15841
15518
14804
14527
13662
13590
12763
12002
11676
10537
10116
9069
8146
7171
5870
4996
3560
2429
1190
-135
-1342
-2654
-3726
-5080
-6263
-7416
-8347
-9225
-10333
-10963
-11679
-12274
-12733
-13112
-13467
-13811
-13722
-14055
-14116
-13857
-13847
-13760
-13558
-13073
-13064
-12699
-12027
-11823
-11538
-10958
-10273
-10091
-9384
-8766
-8238
-7543
-7419
-6550
-6223
-5956
-5487
-5481
-5016
-5005
-4820
-4630
-4381
-4289
-4434
-4126
-4162
-4153
-4187
-4120
-4144
-4107
-4069
-4126
-3956
-4156
-3727
-3749
-3836
-3323
-3528
-3115
-2670
-2505
-1865
-1349
-566
330
1027
2111
3087
4107
5184
5989
7232
8250
9208
10315
11239
12401
13554
14287
15071
16327
16858
17637
18713
18956
19729
20205
20628
21096
21113
21511
21309
21188
21464
21232
20961
20775
20429
20371
19966
19638
19645
18967
19068
18899
18680
18827
18500
18975
18889
18880
19300
19143
19357
19527
19729
20257
20273
20663
21144
21042
21843
22065
22091
22437
22213
22425
22302
22371
22344
22143
22222
21934
21988
21925
21898
21910
21550
21669
21765
21718
21635
21613
21871
21760
21747
21716
21832
21723
21658
22013
21766
22106
21864
21967
22234
21768
22411
22054
22239
22381
22505
22904
22455
23479
22977
23308
23972
23260
24212
24155
24356
24649
24665
25010
25022
25235
25118
25203
24904
24823
24547
24062
23725
23120
22454
21545
21133
19899
19234
18342
16944
16318
14492
13674
12480
10613
9597
8109
6774
5238
3944
2818
1441
164
-874
-2287
-3609
-4379
-5702
-6893
-8199
-9185
-10503
-11753
-12955
-14605
-15423
-17539
-18620
-19682
-21640
-22575
-24370
-25371
-26853
-27731
-28445
-30061
-30033
-30823
-31102
-31395
-31870
-31735
-32040
-31624
-32285
-32190
-32026
-32308
-31992
-32551
-32001
-32236
-32094
-31689
-32184
-31366
-31350
-30815
-30889
-30742
-29869
-30382
-29647
-29747
-29399
-28679
-28995
-27991
-28076
-27886
-26857
-27002
-26545
-25967
-25966
-25561
-24935
-24641
-24263
-23841
-23498
-22737
-22166
-21813
-21324
-20625
-20338
-19860
-19298
-18925
-18192
-17933
-16995
-16808
-16274
-15653
-15741
-14716
-15082
-14869
-14601
-14790
-14433
-14938
-14927
-15056
-15662
-15491
-15678
-16369
-15999
-16281
-16824
-16320
-16273
-16366
-16287
-15894
-15720
-15417
-14932
-14914
-13978
-13754
-13199
-12529
-12405
-10987
-11101
-10017
-9159
-9414
-7887
-7672
-6797
-6477
-6051
-4778
-5193
-4012
-3186
-3041
-2139
-1608
-680
-101
426
972
2073
2546
2628
4024
4271
5016
6025
6241
7117
7636
8498
9132
9691
10610
11019
11897
12342
12983
13701
14306
15021
15063
16249
16494
16793
17563
17688
18220
18004
18558
18319
18067
18390
17818
17920
17422
17306
17188
16751
16898
16373
16307
16334
16117
15943
15949
16020
15911
16040
15927
16070
16217
16290
16153
16010
16420
15906
15716
15796
15094
14985
14550
14063
13505
12990
12640
11621
10970
10135
9332
8429
7280
6659
5559
4643
4025
3069
2472
1763
1129
556
-67
-416
-1179
-1675
-2021
-2492
-2925
-3247
-3166
-3575
-3962
-3996
-4172
-4217
-4403
-4444
-4062
-4386
-4558
-4024
-4355
-4253
-3644
-3838
-3680
-3609
-3543
-3266
-3528
-3323
-3236
-3426
-3548
-3685
-3528
-3956
-3891
-3951
-4406
-3941
-4158
-4322
-3952
-4022
-4209
-3814
-3411
-3984
-3559
-3205
-3678
-2927
-2878
-2760
-2301
-2051
-1515
-1422
-732
-490
-316
159
699
757
899
1438
1213
1588
1565
1555
1463
836
1090
721
-185
125
-357
-1152
-978
-1642
-2063
-2510
-2687
-2875
-3620
-3321
-3697
-3808
-3404
-4062
-3720
-3393
-3664
-3131
-3217
-3096
-2416
-2813
-2515
-2340
-2843
-2132
-2621
-2974
-2474
-3299
-3276
-3483
-4025
-3721
-4252
-4434
-4381
-4852
-4921
-4858
-5110
-5252
-5175
-5352
-5223
-5160
-5358
-5151
-5149
-5181
-4879
-4769
-4551
-4081
-3951
-3791
-2943
-2832
-2546
-1718
-2011
-1315
-901
-767
15
87
856
1396
2136
2840
3354
4728
4913
5579
6781
7204
8148
8471
9177
9981
10026
11017
11527
11617
12278
12882
12943
13432
13936
13774
14344
14161
14192
14513
13875
13879
13742
13285
12840
12155
11716
10874
9661
9169
8025
6777
6245
4651
3640
2981
1281
415
-391
-1533
-2570
-3679
-4618
-5533
-6240
-7521
-8073
-8764
-10185
-10315
-10792
-11318
-11808
-12416
-12449
-12852
-12959
-13197
-13581
-13536
-13845
-14068
-14154
-14186
-14474
-14784
-14910
-15343
-15111
-15272
-15897
-15467
-15581
-15898
-15496
-15791
-15607
-15438
-15609
-15143
-15277
-14710
-14688
-14759
-13782
-14171
-13878
-13400
-13664
-13258
-13454
-13184
-12980
-13349
-12842
-13177
-13372
-13432
-13721
-13574
-14222
-13922
-14069
-14446
-13849
-14514
-14227
-14132
-14670
-14316
-14548
-14551
-14804
-14854
-14887
-15290
-15240
-15554
-15871
-15876
-15980
-16309
-16156
-16176
-16214
-16146
-16148
-16015
-15925
-15484
-15457
-15020
-14778
-14628
-14139
-13960
-13117
-12935
-12621
-11798
-11665
-10797
-10396
-10191
-9273
-9218
-8672
-8160
-8061
-7328
-6813
-6446
-5983
-5486
-5118
-4473
-4010
-3825
-3119
-2909
-2525
-1815
-1701
-971
-535
-142
646
1021
1742
2462
2883
3412
4156
4662
5089
5456
5919
6181
6331
6821
6779
6898
6869
6635
6701
6362
6219
5789
5312
5280
4642
4321
4078
3461
3184
2723
2390
1967
1648
1459
993
776
456
343
104
-364
-450
-609
-811
-971
-1092
-1239
-1496
-1607
-1901
-2295
-2413
-2657
-3129
-3467
-3646
-4148
-4498
-4585
-5055
-5421
-5322
-5374
-5466
-5055
-4938
-4691
-4175
-4027
-3404
-2970
-2809
-1986
-1348
-1104
-558
353
850
1295
2316
2762
3288
4122
4664
5209
5879
6534
6929
7580
7878
8326
8903
8924
9042
9159
9212
8854
8824
8779
8361
8465
8017
7767
7742
6982
6829
6310
5603
5562
4756
3968
3277
2529
1758
744
239
-613
-1218
-1700
-2648
-2978
-3573
-4332
-4757
-5352
-5640
-6215
-6610
-6728
-7073
-6896
-7068
-6877
-6875
-6627
-6005
-6296
-5794
-5453
-5249
-4705
-4378
-3989
-3271
-2894
-2370
-1456
-1058
-227
238
1155
1953
2561
3657
4087
4978
5567
6300
7040
7520
8449
8881
9562
10422
11035
11828
12454
13204
14103
14423
15240
16152
16645
17441
17989
18961
19625
19963
20906
21593
22118
22607
23310
23780
23998
24602
24905
25129
25432
25683
26044
26286
26592
27247
27493
27735
28538
28706
29132
29752
30086
30709
30874
31104
31654
32002
32118
32422
32697
32589
32778
33141
33093
32890
33311
33546
33099
33358
33719
33648
33671
33776
34109
33898
33995
34213
34078
34140
34066
34286
34088
34080
34043
33866
33862
33599
33565
33102
32806
32299
31421
30787
29833
29041
28125
26757
25708
24381
22922
21879
20298
18673
17350
15779
14351
13242
11797
10466
9194
7974
7127
5676
4618
4053
2843
1877
1247
361
-278
-915
-1688
-1840
-2101
-2584
-2536
-2598
-2622
-2703
-2473
-2016
-2328
-1950
-1809
-2026
-1707
-1805
-1582
-1747
-1831
-1504
-1851
-1704
-1821
-2082
-1990
-2324
-2076
-2545
-2699
-2687
-3479
-3111
-3671
-4265
-4239
-4474
-4682
-5119
-5063
-5363
-5602
-5435
-5572
-5799
-5757
-5520
-5410
-5407
-5192
-4990
-5023
-4614
-4421
-4261
-3845
-3785
-3582
-3116
-2650
-2654
-2350
-1803
-1614
-1489
-1265
-1117
-1339
-1123
-1411
-1872
-1888
-2403
-2723
-3401
-3846
-4115
-5222
-5513
-5900
-6862
-7272
-7898
-8439
-8814
-9559
-10542
-11155
-11713
-12650
-13496
-14395
-15085
-15769
-16572
-17240
-17885
-18544
-18946
-19209
-19646
-19917
-20213
-20441
-20504
-20633
-20712
-20703
-20827
-20827
-20714
-20868
-20777
-20622
-20563
-20607
-20550
-20184
-20200
-20128
-19856
-19477
-19220
-19270
-18748
-18661
-18721
-17984
-17904
-18090
-17898
-17762
-17677
-17703
-17673
-17445
-17477
-17518
-17065
-16948
-16981
-16913
-16588
-16638
-16885
-16621
-16835
-16690
-16571
-16674
-16677
-16786
-16592
-16752
-17070
-17131
-17310
-17635
-17733
-18065
-18359
-18475
-18705
-18670
-18901
-18941
-18880
-18983
-18803
-18887
-18789
-18774
-18816
-18437
-18503
-18500
-18392
-18375
-18236
-18030
-17789
-17915
-17511
-17086
-17145
-17016
-16837
-16848
-16612
-16125
-16309
-16042
-15823
-15664
-15359
-15485
-15137
-15137
-15227
-14929
-14391
-14415
-14090
-13146
-13073
-12213
-11637
-11271
-10348
-9908
-8879
-8277
-7565
-6829
-6020
-4707
-4301
-3286
-2186
-1474
-791
-192
600
1239
1490
1689
2216
2421
2441
2637
2839
2830
2893
2625
2834
2753
2295
2408
1837
1812
1449
884
778
333
165
-131
-238
-508
-562
-458
-802
-455
-267
-231
143
189
658
1042
1228
1795
2078
2527
3058
3563
4010
4441
5152
5732
6310
6627
7326
8034
8266
9014
9371
9509
10094
10606
10691
10883
11408
11297
11295
11582
11533
11076
10959
10866
10026
9817
9018
8085
7742
6762
6003
5163
4414
3653
2684
2016
1226
569
-6
-879
-1484
-1840
-2640
-3010
-3384
-3960
-4091
-4822
-5195
-5377
-5667
-5894
-6220
-5815
-5983
-5716
-5168
-5089
-4283
-4058
-3306
-2807
-2587
-1546
-1221
-397
272
900
1655
2312
3081
3605
4740
5150
5682
6613
7005
7489
8088
8676
8957
9566
9778
9882
10483
10396
10669
11097
10788
11052
11027
10699
10918
10684
10556
10465
10318
10273
9777
9704
9704
9200
9235
9150
8874
9319
9231
9124
9743
9789
9946
10329
10406
10942
11206
11254
11837
12215
12239
12498
12900
12911
12976
13191
12862
12811
12742
12494
12404
11852
11781
11300
10878
10664
9912
9617
9129
8476
7403
7066
6719
5470
5345
4986
4078
3653
3250
2737
2360
1917
1366
1299
707
-144
-238
-666
-1377
-1790
-1710
-2284
-2831
-2129
-2609
-3008
-2490
-2628
-2539
-2606
-2593
-2227
-2330
-2361
-1857
-1581
-1460
-1062
-1083
-459
-11
-88
689
1004
1252
1779
2039
2529
3072
3367
3670
4004
4752
4956
4950
5758
5703
5639
5956
5963
5847
5794
5953
5781
5568
5497
5558
5398
5267
5366
5147
5160
5056
5125
5117
5020
5193
4512
4898
4800
4044
4268
3542
3206
2715
2018
1454
770
399
-593
-748
-892
-1603
-2023
-2449
-2064
-2249
-2978
-3118
-3215
-3655
-4139
-4052
-4414
-4777
-4862
-4956
-4388
-4692
-4857
-3959
-4362
-4436
-3905
-4451
-4391
-4431
-4675
-4488
-4718
-4740
-4777
-4587
-4666
-4660
-4290
-4672
-4190
-3747
-4278
-3767
-3568
-3901
-3544
-3820
-3594
-3659
-3921
-3375
-3808
-3781
-3579
-3677
-3825
-3815
-3434
-4050
-4167
-3991
-3944
-4295
-5078
-4420
-5055
-5922
-5761
-6461
-6711
-7235
-7672
-7567
-7953
-7994
-7811
-8065
-8027
-7804
-7981
-8058
-7835
-7827
-8168
-8018
-7660
-7929
-7947
-7615
-7473
-7383
-7166
-6881
-6680
-6345
-6036
-5799
-5547
-5023
-4867
-4676
-4001
-3955
-3515
-3119
-3012
-2425
-2227
-1885
-1498
-1267
-976
-1173
-881
-511
-547
-372
-144
509
473
855
1952
2082
2855
3288
3879
4659
4654
5804
6018
6191
6973
7026
7564
7961
8418
8705
9186
10044
10425
10850
11448
12089
12615
13165
13704
13960
14536
15153
15467
16495
17073
17529
18513
19063
19872
20784
21632
22080
23144
24196
24775
26173
27074
28035
29174
30350
31432
32071
33059
34014
34762
35497
36350
36866
37247
37710
38154
38393
38450
38893
38405
37700
37943
36964
36016
35760
34325
33282
32465
31078
29976
28799
27511
26050
24490
23461
21730
20116
19160
17570
16419
14840
13796
12736
11080
10164
8944
8063
6744
5961
5070
3902
3749
2443
1571
1319
617
34
-366
-698
-1505
-1861
-2106
-2595
-2750
-3280
-3946
-3930
-4345
-5138
-5225
-5939
-6323
-6443
-7318
-7237
-7502
-8142
-7782
-7735
-8064
-7776
-7345
-7556
-7511
-7089
-7192
-6938
-6663
-6856
-6751
-6748
-6397
-6570
-6869
-6355
-6678
-6685
-6503
-6221
-6281
-6352
-5681
-6111
-5630
-5088
-5751
-5654
-5440
-5845
-6103
-5928
-5938
-6837
-6858
-6490
-7476
-7341
-7261
-7678
-7607
-7535
-7578
-7817
-7362
-7041
-7059
-6755
-6174
-5852
-5613
-5251
-4746
-4457
-4488
-4145
-4002
-4062
-3869
-3807
-3786
-3518
-3938
-3966
-3670
-3932
-3833
-4141
-3953
-4013
-4428
-3526
-3788
-3741
-3135
-3295
-2288
-2240
-1801
-814
-856
-113
538
1070
1255
2011
2868
2892
3775
4495
4749
5455
6202
6889
7531
7892
8944
9166
9152
10420
10083
9872
10561
10124
9744
9570
9471
8994
8753
8477
7369
7582
7197
6323
6276
5525
5331
5039
4172
4781
4269
3130
3849
3099
3013
2622
2036
2325
1254
1504
828
770
659
-151
-37
-822
-583
-1353
-2032
-2250
-3282
-3677
-4207
-4782
-5952
-6605
-6731
-7858
-8210
-8718
-9670
-9679
-10703
-11672
-11985
-12587
-13257
-13774
-14083
-14453
-14337
-14605
-14844
-14624
-14819
-14737
-14374
-14764
-14524
-14153
-14626
-14319
-14503
-14678
-14692
-15046
-15243
-15179
-15156
-15699
-15377
-15708
-16005
-15217
-16110
-16095
-15020
-16741
-16507
-15702
-16911
-16505
-17107
-17017
-17010
-17794
-16691
-17397
-17787
-16869
-18116
-17274
-16824
-18249
-17174
-17707
-18092
-18066
-18279
-18180
-18956
-18317
-18986
-19072
-19091
-19923
-19523
-20139
-20588
-20806
-20615
-21396
-22319
-21615
-22134
-22552
-22606
-22809
-22319
-23019
-23159
-22341
-22523
-22519
-22458
-22140
-21813
-21777
-21208
-21334
-20947
-20283
-20815
-19759
-19353
-19364
-18548
-18366
-17375
-16853
-16283
-15463
-14710
-14162
-13143
-12195
-12547
-11505
-10632
-10700
-10164
-9775
-9228
-8875
-8745
-7953
-7845
-7767
-7243
-6898
-6683
-6453
-6191
-6358
-5574
-5760
-5595
-5053
-5270
-4564
-4712
-4568
-4689
-4355
-4063
-4388
-3587
-3719
-3197
-2682
-2867
-1684
-1428
-1112
-385
148
1051
1032
2178
2706
3272
4735
4735
5928
6818
7442
8027
8596
9992
10024
10564
11268
11590
12288
12550
13090
13528
13514
14002
14769
14750
15182
15427
15654
16668
16625
17000
17467
17889
18459
18149
19164
19436
19264
20540
20121
20340
21153
20855
21251
21080
21787
21944
21341
22775
22295
22560
23630
22641
23507
23428
23401
23365
22574
24055
22929
22785
23900
23023
23652
23717
24276
23893
24589
25824
24153
25669
26065
25867
26526
26219
27457
27178
27704
27963
28018
28986
28587
29482
29429
29388
30522
29994
30707
31321
31081
31931
31478
32161
33124
32438
33303
33650
33525
34074
34140
34112
34218
34501
34328
34413
34503
34565
34368
34115
34767
34268
34195
34198
33543
34020
33525
33090
33077
32604
32722
32507
32194
32298
32097
31866
32584
32089
31221
32596
32127
31823
32337
31298
32436
31872
31375
32610
31132
31522
31625
31281
31490
30110
30647
30490
29237
28936
29054
28286
27100
27017
25618
25450
24933
22831
23183
21804
21285
21201
19263
19565
18540
18177
17756
16343
16442
15684
15126
14496
14178
13052
12353
12321
10932
10802
9538
9146
8746
7301
7488
5672
5607
5123
3913
3897
2164
2495
1586
1008
524
-699
-149
-1042
-1456
-2539
-2408
-2603
-3628
-3631
-4353
-4140
-5312
-5246
-5093
-6350
-6034
-6201
-6846
-6735
-7026
-7603
-7436
-7777
-8118
-8120
-8826
-9292
-8517
-9171
-10139
-9778
-10293
-10108
-10959
-11718
-11178
-12047
-11828
-12200
-12862
-12401
-12711
-12574
-13205
-13312
-12683
-13668
-13559
-13792
-14113
-14083
-15316
-15044
-15419
-16490
-17146
-17576
-17956
-19462
-20111
-20418
-21508
-22781
-23248
-23784
-25180
-25669
-26426
-27859
-28221
-28777
-29432
-30540
-31212
-30392
-31709
-32060
-31391
-32338
-31494
-31475
-31783
-30896
-30428
-30043
-29942
-28388
-28406
-27807
-26622
-26867
-24919
-25351
-24443
-23418
-23731
-22002
-22383
-21465
-21038
-20394
-19582
-20089
-18686
-18949
-18338
-18095
-18480
-17449
-18023
-17688
-17906
-17366
-17328
-18481
-17021
-18259
-18188
-17778
-19255
-17876
-19192
-19572
-18976
-19513
-19771
-21009
-20235
-21614
-21854
-21854
-23611
-22885
-24396
-24526
-24322
-25396
-25146
-25452
-25239
-25464
-25388
-25007
-25289
-24963
-24444
-24524
-23943
-23601
-23817
-23027
-22443
-22317
-22310
-21400
-20889
-21060
-20148
-19572
-19294
-18672
-18289
-17531
-17112
-16923
-16209
-16062
-15473
-15240
-14710
-14319
-14526
-13499
-13444
-13232
-12621
-12220
-11632
-11695
-11181
-10946
-10887
-10304
-10354
-10371
-10038
-9926
-9781
-9578
-9497
-9340
-9204
-8770
-8987
-8901
-8162
-8393
-7828
-7336
-7212
-6626
-5997
-5327
-5225
-4515
-3722
-3152
-2219
-1962
-1119
221
684
1745
3088
3704
4835
6263
7145
8165
9349
11094
12422
12806
14329
15895
17138
18324
18954
20277
21685
22507
23587
24098
24967
26391
26634
26923
27490
28467
28642
28497
29311
29574
30046
30113
30323
30671
30669
31307
31166
31108
31454
31719
31826
31590
31795
31811
31831
31858
31501
31644
31957
31574
31583
31684
31560
31786
31208
31452
31359
30232
30867
30525
29889
29784
29242
29552
28749
28420
28411
27309
27238
26485
26004
26222
25142
24891
24869
24414
24084
24025
24101
23394
23512
23622
23217
22903
22535
22742
22349
21712
21625
21539
21264
20769
20670
20636
20075
19848
19927
18998
18526
18817
17789
17246
17049
16429
16069
15292
14965
14570
14098
13598
13019
13011
12343
11895
11755
11339
10956
10660
10654
10040
9865
9884
9421
9418
9516
9335
9282
9533
9350
9385
9342
8886
9138
8875
8471
8935
8273
7837
7796
7374
7275
6388
6519
5909
5295
5496
4637
4834
4266
4011
3946
3546
3524
3010
3341
2944
2870
3030
2407
2391
2225
1971
1553
1097
948
706
-100
-323
-281
-1031
-1134
-1570
-2014
-2157
-2866
-3046
-3453
-3918
-4364
-4711
-5093
-5788
-5766
-6400
-6784
-7246
-7837
-8050
-8979
-9044
-9474
-9684
-9844
-10745
-10486
-10336
-10962
-11072
-10608
-10775
-10699
-10226
-10284
-9702
-9273
-9354
-8599
-8325
-7925
-7433
-7340
-6559
-6322
-5901
-5628
-5774
-4920
-4412
-4727
-4508
-4091
-3869
-3929
-4156
-3804
-3694
-3971
-4026
-4044
-4338
-4492
-4467
-4872
-4868
-4784
-5243
-5175
-5198
-5145
-5109
-5389
-5254
-5159
-5114
-5628
-5294
-5042
-5817
-6024
-6170
-5985
-6781
-6987
-6737
-7606
-7741
-8252
-8474
-9162
-9571
-9669
-11274
-11573
-12210
-13258
-14124
-15303
-15766
-16826
-18059
-18552
-19107
-20108
-20390
-21240
-21884
-21730
-22713
-22726
-22614
-23385
-23148
-22933
-23107
-22896
-22563
-22389
-22226
-21735
-21585
-21509
-20999
-21022
-21001
-20215
-20630
-20404
-19898
-20105
-19309
-19830
-19125
-18999
-19185
-18447
-18647
-18020
-18191
-17380
-17832
-17605
-16858
-17448
-16691
-17126
-16563
-16811
-16987
-16580
-16958
-16572
-16864
-16721
-16994
-17075
-17315
-17452
-17148
-17618
-17360
-17779
-17598
-17387
-17820
-17231
-17752
-17505
-17252
-18034
-17557
-17515
-17701
-17560
-17485
-17524
-17647
-17404
-17473
-17258
-17217
-17110
-16985
-16938
-16447
-16330
-15530
-15629
-14776
-14067
-14116
-12546
-12963
-12062
-11138
-11277
-9878
-9914
-9322
-8394
-8157
-7544
-7289
-6433
-6182
-5966
-5357
-5564
-4822
-4420
-4599
-4288
-3811
-3247
-3325
-2934
-2288
-2082
-1559
-1253
-974
-325
-400
-278
527
317
420
1280
1203
1348
1969
2103
2382
2865
3175
3545
3974
4170
4503
4827
5219
5495
5413
6033
6322
6116
6689
6903
7079
7714
7840
8479
9064
9397
10099
10825
11581
12226
13190
13775
14817
15748
16719
17846
18490
19906
20711
21868
22907
23803
24983
25674
26660
27264
28220
28728
29283
30301
30548
31047
31401
31920
32341
32263
32721
32832
32871
32871
32887
33108
32668
32877
32730
32366
32682
32223
31951
31867
31562
31320
30907
30708
30605
30231
30174
29807
29402
29355
28755
28559
27988
27515
27413
26626
26638
26122
25575
25750
25128
25161
24850
24303
24412
23912
23754
23196
22850
22791
21994
22150
21529
21031
21088
20483
20635
19540
19336
19385
18278
18420
17643
17283
17237
16642
16586
16312
15908
15602
15602
15331
15080
14939
14459
14264
14195
13857
13752
13732
13435
13166
13087
13151
12817
12551
12089
11909
11696
10582
10866
10200
9396
9661
8600
8423
8277
7776
7389
6939
6912
6352
6170
6113
5620
5196
4989
5113
4698
4446
4726
4264
4373
4831
4988
5326
5297
6113
6341
6821
7405
7565
8747
8603
9281
10093
10209
11163
11219
11690
12393
12120
12533
12940
12684
12706
12638
12647
12720
12543
12434
12603
12313
12130
12000
11567
11700
11264
10947
10717
10393
10326
9720
9510
9199
8888
8373
7969
7886
7087
6767
6504
5766
5439
4963
4577
4179
3549
3514
2770
2467
2301
1561
1190
689
697
-9
-178
-285
-1170
-1225
-1415
-2003
-2557
-2729
-3339
-3733
-4329
-4727
-4778
-5618
-5886
-6201
-6433
-6686
-6765
-6880
-7081
-6955
-6950
-7049
-7717
-7394
-7583
-8099
-7797
-8370
-8274
-8386
-8710
-8618
-8908
-8866
-9153
-9085
-8877
-8959
-8898
-9103
-8821
-8668
-8783
-8588
-8973
-8736
-8504
-9134
-8856
-8938
-9331
-9417
-9646
-9961
-10516
-10815
-11250
-11798
-12225
-12823
-13521
-14011
-14376
-15205
-15783
-15918
-16590
-17167
-17375
-17921
-18455
-18520
-19112
-19494
-19386
-20200
-20370
-20317
-20863
-21048
-21232
-21244
-21532
-21847
-21712
-21958
-22246
-21992
-22053
-22351
-21997
-21927
-21707
-21550
-21594
-20959
-21062
-20632
-20210
-20483
-20133
-20158
-19983
-20065
-20327
-20223
-20475
-20802
-20756
-20816
-21439
-21668
-21823
-22434
-22756
-23016
-23504
-23846
-24224
-24315
-24641
-24864
-24820
-25129
-24948
-25045
-24789
-24606
-24659
-24122
-24030
-23615
-23490
-23275
-22822
-22447
-21987
-21825
-20998
-21011
-20500
-19463
-19708
-18958
-18709
-18414
-17560
-17648
-16737
-16575
-16238
-15419
-15821
-15164
-14965
-14813
-14251
-14519
-14227
-14033
-13942
-13752
-13722
-13568
-13730
-13712
-13825
-13767
-13674
-13895
-13472
-13562
-13644
-12967
-12853
-12819
-12310
-12313
-11893
-11810
-12060
-11143
-11309
-10968
-10499
-10742
-9892
-9863
-9570
-9049
-9039
-8581
-8321
-7819
-7564
-7101
-6271
-5946
-5274
-4478
-3861
-3393
-2519
-1767
-1656
-813
-259
-126
546
1073
1439
1832
2256
2658
3163
3615
3835
4314
4755
4832
5240
5748
5964
6505
6956
7269
7835
8227
8740
9114
9686
10260
10532
11383
11448
12017
12950
12772
13273
13683
14144
14509
14856
15882
16270
17024
17946
18259
19164
20025
20349
20800
21517
21693
21797
22559
22492
22648
23000
22809
23189
22945
23048
23112
22909
23275
22745
23172
23170
22682
23162
22658
22627
22702
22304
21901
21954
21971
21469
21744
21479
21524
21727
21576
21949
21775
22034
22298
22113
22636
22687
22620
23172
23164
23219
23445
23431
23569
23776
23785
23663
23609
23540
23516
23423
23000
22716
22642
22251
21888
21665
21469
21071
21065
20983
20824
21150
20944
21116
21454
21544
21770
22115
22401
22675
23219
23405
23842
24394
24660
24867
25371
25780
26007
26358
26270
26676
26708
26670
26758
26568
26519
26191
26346
25733
25588
25465
24809
24797
24218
24227
23614
23206
23254
22512
22476
21989
21577
21327
20847
20669
20063
19748
19320
18937
18696
17985
17703
17242
16739
16331
15731
15126
14506
14068
13149
12287
11733
10617
9718
9103
7783
6686
5736
4636
3788
2603
1543
462
-501
-1354
-2488
-3289
-3900
-4787
-5582
-6010
-6526
-7084
-7425
-7702
-8083
-8137
-8677
-8990
-9007
-9895
-9715
-9806
-10486
-10524
-10662
-10652
-10845
-10838
-10770
-10882
-10809
-10844
-10906
-10752
-10970
-11149
-11108
-11585
-11641
-11974
-12268
-12496
-13196
-13342
-13894
-14501
-14842
-15178
-15805
-16255
-16566
-17453
-17477
-17847
-18536
-18726
-18945
-19055
-19774
-19854
-19885
-20364
-20687
-20817
-20833
-21732
-21679
-21795
-22544
-22591
-23003
-23498
-23952
-24158
-24744
-25332
-25629
-26068
-26370
-27027
-27481
-27557
-28111
-28440
-28465
-29028
-29094
-29222
-29779
-29578
-29555
-30062
-29940
-29896
-30058
-29705
-29779
-29698
-29383
-29309
-29136
-29065
-28959
-28955
-28767
-28609
-28659
-28379
-28226
-28273
-28070
-27824
-27533
-27236
-27098
-26759
-26237
-25762
-25509
-24854
-24278
-23864
-23027
-22572
-21829
-20972
-20150
-19132
-18443
-17462
-16248
-15261
-14226
-13204
-11875
-10604
-9792
-8365
-7023
-5768
-4433
-3391
-2133
-1189
-112
548
1314
2353
2507
3202
3829
4102
4624
4925
5144
5376
5548
5511
5583
5446
5243
5231
4813
4521
4253
3781
3397
2923
2600
1932
1073
725
174
-935
-1510
-2082
-3156
-3733
-4624
-5465
-6314
-7277
-8102
-9052
-9883
-11029
-11685
-12747
-13544
-14048
-15506
-16182
-17042
-17909
-18519
-19476
-20293
-21051
-21426
-22197
-22408
-22560
-23101
-22768
-22772
-22501
-22131
-21878
-21374
-20913
-20084
-19681
-18961
-18322
-17827
-16657
-16181
-15539
-14614
-13950
-13172
-12408
-11773
-11114
-10221
-9628
-8943
-8092
-7187
-6498
-5928
-4816
-4031
-3683
-2640
-1527
-1267
-200
986
1449
2710
3739
4416
5501
6620
7506
8390
9463
10528
11516
12240
13520
14641
15429
16838
17592
18551
19962
20677
21512
22550
23591
24130
25074
26274
26816
27831
28744
29627
30539
31495
32484
33138
34281
35282
36168
37332
38008
38888
39826
40493
41379
41810
42486
43137
43660
44339
44746
45505
45997
46525
47167
47849
48464
48752
49644
50161
50551
51176
51406
51754
52075
52460
52402
52701
52951
52798
53291
53285
53452
53660
53640
54115
54411
54489
55049
55593
55738
56188
56631
56864
57508
57802
57674
58111
58198
58356
58338
58183
58302
57864
57721
57462
57047
56524
56163
55636
54460
53921
53072
51744
50723
49442
47879
46459
44873
43226
41611
39710
37772
35875
34108
31927
29703
27832
25576
23202
21045
18772
16379
14289
12151
9557
7539
5401
2915
1189
-1222
-3292
-4893
-6891
-8649
-10371
-11460
-13009
-14469
-15594
-16910
-17816
-18842
-19777
-20790
-21369
-22286
-23146
-23360
-24554
-25247
-26160
-27022
-27564
-28958
-29453
-30849
-31825
-32298
-33919
-34811
-36049
-37385
-38554
-39699
-41232
-42544
-43940
-45968
-47190
-48580
-50122
-51927
-53415
-54733
-56351
-57640
-59173
-60325
-61608
-62867
-63798
-65241
-66207
-67022
-67902
-68610
-69283
-69638
-70495
-70703
-70649
-71361
-71492
-71566
-71834
-71959
-72323
-72114
-72279
-72685
-72394
-72852
-72757
-72801
-73194
-73327
-73524
-73608
-74144
-74139
-74716
-74992
-74895
-75597
-75728
-76162
-76380
-76784
-77421
-77509
-78300
-78554
-79238
-80044
-80172
-81080
-81683
-82294
-82588
-82953
-83462
-83458
-83697
-83616
-83597
-83425
-83397
-83105
-82250
-82235
-81556
-80583
-80069
-79224
-78321
-77413
-76607
-75494
-74491
-73549
-72405
-71631
-70621
-69644
-68999
-68125
-67432
-66740
-66159
-65803
-65454
-65308
-64902
-64848
-64874
-64867
-64915
-64816
-65156
-65300
-65701
-65716
-66104
-66685
-66661
-67247
-67175
-67712
-67731
-67511
-68019
-67651
-68049
-67752
-67408
-67738
-67074
-66773
-66604
-65796
-65185
-64719
-63976
-63282
-62858
-61959
-61102
-60768
-59725
-59046
-58252
-57090
-56666
-55539
-54498
-53731
-52857
-52142
-51340
-50667
-49785
-49423
-48867
-47830
-47760
-47177
-46235
-46150
-45073
-44575
-44201
-43188
-42926
-41748
-41082
-40371
-39296
-38756
-37639
-36479
-35765
-35011
-33681
-32767
-31853
-30693
-29676
-28254
-27143
-25978
-24485
-23347
-21896
-20112
-18931
-17503
-15568
-14418
-12776
-11227
-10140
-8171
-6947
-5768
-4378
-3221
-1794
-715
533
1840
2892
4272
5606
6648
7985
9134
10303
11221
11978
13233
13901
14521
15522
16275
17059
17825
18540
19455
20281
21181
21861
22651
23578
24306
25059
25774
26489
27101
27811
28291
29276
29617
30281
31142
31230
32575
32918
33781
34474
34924
36268
36444
37728
38189
38971
40243
40596
42242
42527
43470
44857
45156
46585
47362
48007
48906
49752
50649
51396
52468
53252
54209
55503
56602
57805
59111
60251
61778
63242
64491
65633
67295
68894
69717
71558
72622
73801
74993
75832
77415
77841
78896
79942
80515
81459
82067
82862
83287
83655
84355
84435
84994
85271
84858
85379
85060
84633
84457
83690
83466
82746
81873
81547
80685
79703
78937
78432
77441
76418
76040
74809
74127
73158
72118
71568
70010
69254
68348
67307
66296
65561
64816
63856
63562
62542
61684
61168
60303
58910
58392
57594
56181
55383
54221
53355
51924
50894
49980
48512
47304
46121
45056
43674
42545
41489
40157
38987
38113
36780
35384
34379
33177
32115
31013
30080
29367
28300
27408
26874
26177
25697
25080
24340
24087
23686
23291
22958
22727
22655
22350
22164
22078
21740
21570
21389
21016
20805
20301
20085
19738
19082
18476
18013
17493
16583
15968
15012
14266
13328
12639
11752
10364
10092
8831
7920
7475
6122
5738
4969
3973
3663
3052
2438
1875
1787
1566
1010
1407
1164
647
1138
961
951
1187
1080
1180
1339
1773
1614
1667
2177
1963
2086
1937
1847
2073
1835
2081
1860
2017
2418
2161
2520
2650
2981
3299
3248
3675
3793
3897
4010
4128
4185
4125
4434
4374
4595
4875
4818
5005
5393
5765
5891
6465
7067
7431
7897
8448
8832
9214
9751
10005
10314
11053
11315
11554
12484
12374
12495
13337
13555
14053
14591
14815
15132
15607
15708
15781
16199
16190
16210
16363
16731
16883
16915
17228
17110
17541
17501
17471
17659
17261
17773
17924
18094
18399
18501
18852
19354
19948
20207
20917
21270
21870
22683
23094
23706
24561
25260
25621
26527
27121
27990
28507
28938
29788
29735
30238
30870
30972
31276
31593
31237
31588
31707
31050
31274
30630
30263
29989
29182
29021
28387
27582
27214
26614
25682
25274
24510
23589
23235
22410
21564
21154
20481
19811
19210
18732
18673
18089
17837
17698
17359
17316
16916
16619
16588
16512
16005
16247
16597
16468
16984
17341
17884
18543
19241
20127
20818
21918
22955
23718
24835
25977
26964
28142
29085
30189
31502
32409
33681
34912
35905
37138
38359
39501
40599
41980
43150
44168
45439
46352
47494
48352
49147
49895
50298
51127
51382
51632
51914
51892
52029
51972
51983
51900
51712
52018
51651
51471
51613
50903
50910
50483
49646
49373
48761
47685
46898
46526
45394
44283
43482
42481
41748
40663
39384
38422
37516
36557
35405
34407
33589
32758
31812
30892
30074
29490
28731
27745
27508
26846
26256
26121
25357
25334
25150
24614
24614
24322
24410
23978
23682
24293
23894
23918
24159
24213
24320
24331
24502
24189
24486
24131
24126
24247
23657
23908
23696
23789
23375
23015
22941
22268
22026
21333
20785
20253
19338
18678
18252
17534
16669
16124
15438
14629
13786
13108
12350
11325
10554
9682
8604
7624
6690
5670
4583
3642
2335
1038
40
-1232
-2606
-3979
-5164
-6645
-8273
-9492
-11124
-12664
-13947
-15544
-16969
-18285
-19749
-21239
-22369
-23675
-24707
-25789
-27341
-28049
-29227
-30357
-31220
-32445
-33333
-34619
-35574
-36366
-37348
-38376
-39485
-40385
-41353
-42493
-43389
-44058
-45302
-46199
-46786
-47838
-48912
-49640
-50607
-51632
-52383
-53426
-54301
-55176
-55877
-56571
-57318
-57711
-58267
-58989
-59311
-59592
-60052
-60260
-60773
-61020
-61206
-61542
-61617
-61659
-61514
-61794
-61440
-61168
-61056
-60386
-60410
-59932
-59570
-59117
-58634
-58615
-58064
-57850
-57516
-57088
-56781
-56684
-56113
-55684
-55783
-55025
-54967
-54850
-54591
-54757
-54273
-54163
-54477
-54108
-54000
-54441
-54148
-54235
-54590
-54769
-54905
-54883
-55506
-55615
-55680
-56152
-56018
-56316
-56521
-56398
-56541
-56289
-55978
-55855
-55314
-54788
-54332
-53473
-52938
-52161
-51230
-50761
-49876
-49065
-48546
-47519
-46975
-46495
-45554
-45284
-44618
-43849
-43526
-42966
-42496
-42369
-42051
-41777
-41745
-41443
-41665
-41526
-41465
-41738
-41640
-42033
-42037
-42394
-42746
-42898
-43531
-43673
-44133
-44558
-44879
-45226
-45537
-45786
-45749
-46072
-46227
-46099
-46092
-46213
-45958
-45748
-45541
-45238
-44868
-44283
-43862
-43095
-42459
-41572
-40676
-40067
-39027
-38047
-36949
-36010
-34856
-33540
-32435
-30837
